adapter,adapter_config,case_id,outcome,error_class,wall_s,lm_calls,response_format_sent,matched,total,ratio,exact,wrong,missing,spurious,total_tokens
chat,ChatAdapter(use_json_adapter_fallback=False),insurance-claims-0000,parse_error,AdapterParseError,10.075469481000255,1,none,0,20,0.0,False,,header.channel;header.claim_id;header.incident_date;header.report_date;header.reported_by;incident_description.estimated_damage_amount;incident_description.incident_type;incident_description.location_type;incident_description.police_report_number;insured_objects[0].estimated_value;insured_objects[0].location_address;insured_objects[0].make_model;insured_objects[0].object_id;insured_objects[0].object_type;insured_objects[0].year;policy_details.coverage_type;policy_details.effective_date;policy_details.expiration_date;policy_details.policy_number;policy_details.policyholder_name,,3627
chat,ChatAdapter(use_json_adapter_fallback=False),insurance-claims-0001,parse_error,AdapterParseError,5.1147886119997565,1,none,0,20,0.0,False,,header.channel;header.claim_id;header.incident_date;header.report_date;header.reported_by;incident_description.estimated_damage_amount;incident_description.incident_type;incident_description.location_type;incident_description.police_report_number;insured_objects[0].estimated_value;insured_objects[0].location_address;insured_objects[0].make_model;insured_objects[0].object_id;insured_objects[0].object_type;insured_objects[0].year;policy_details.coverage_type;policy_details.effective_date;policy_details.expiration_date;policy_details.policy_number;policy_details.policyholder_name,,2969
chat,ChatAdapter(use_json_adapter_fallback=False),insurance-claims-0002,parse_error,AdapterParseError,2.0696055970001908,1,none,0,11,0.0,False,,header.channel;header.claim_id;header.incident_date;header.report_date;header.reported_by;incident_description.estimated_damage_amount;incident_description.incident_type;incident_description.location_type;incident_description.police_report_number;insured_objects;policy_details,,2860
chat,ChatAdapter(use_json_adapter_fallback=False),insurance-claims-0003,parse_error,AdapterParseError,7.9350208709984145,1,none,0,26,0.0,False,,header.channel;header.claim_id;header.incident_date;header.report_date;header.reported_by;incident_description.estimated_damage_amount;incident_description.incident_type;incident_description.location_type;incident_description.police_report_number;insured_objects[0].estimated_value;insured_objects[0].location_address;insured_objects[0].make_model;insured_objects[0].object_id;insured_objects[0].object_type;insured_objects[0].year;insured_objects[1].estimated_value;insured_objects[1].location_address;insured_objects[1].make_model;insured_objects[1].object_id;insured_objects[1].object_type;insured_objects[1].year;policy_details.coverage_type;policy_details.effective_date;policy_details.expiration_date;policy_details.policy_number;policy_details.policyholder_name,,3406
chat,ChatAdapter(use_json_adapter_fallback=False),insurance-claims-0004,parse_error,AdapterParseError,2.9554842689994985,1,none,0,20,0.0,False,,header.channel;header.claim_id;header.incident_date;header.report_date;header.reported_by;incident_description.estimated_damage_amount;incident_description.incident_type;incident_description.location_type;incident_description.police_report_number;insured_objects[0].estimated_value;insured_objects[0].location_address;insured_objects[0].make_model;insured_objects[0].object_id;insured_objects[0].object_type;insured_objects[0].year;policy_details.coverage_type;policy_details.effective_date;policy_details.expiration_date;policy_details.policy_number;policy_details.policyholder_name,,3100
chat,ChatAdapter(use_json_adapter_fallback=False),insurance-claims-0005,parse_error,AdapterParseError,7.95164117099921,1,none,0,20,0.0,False,,header.channel;header.claim_id;header.incident_date;header.report_date;header.reported_by;incident_description.estimated_damage_amount;incident_description.incident_type;incident_description.location_type;incident_description.police_report_number;insured_objects[0].estimated_value;insured_objects[0].location_address;insured_objects[0].make_model;insured_objects[0].object_id;insured_objects[0].object_type;insured_objects[0].year;policy_details.coverage_type;policy_details.effective_date;policy_details.expiration_date;policy_details.policy_number;policy_details.policyholder_name,,3652
chat,ChatAdapter(use_json_adapter_fallback=False),insurance-claims-0006,parse_error,AdapterParseError,4.40064463699855,1,none,0,20,0.0,False,,header.channel;header.claim_id;header.incident_date;header.report_date;header.reported_by;incident_description.estimated_damage_amount;incident_description.incident_type;incident_description.location_type;incident_description.police_report_number;insured_objects[0].estimated_value;insured_objects[0].location_address;insured_objects[0].make_model;insured_objects[0].object_id;insured_objects[0].object_type;insured_objects[0].year;policy_details.coverage_type;policy_details.effective_date;policy_details.expiration_date;policy_details.policy_number;policy_details.policyholder_name,,3295
chat,ChatAdapter(use_json_adapter_fallback=False),insurance-claims-0007,parse_error,AdapterParseError,7.89742811600081,1,none,0,20,0.0,False,,header.channel;header.claim_id;header.incident_date;header.report_date;header.reported_by;incident_description.estimated_damage_amount;incident_description.incident_type;incident_description.location_type;incident_description.police_report_number;insured_objects[0].estimated_value;insured_objects[0].location_address;insured_objects[0].make_model;insured_objects[0].object_id;insured_objects[0].object_type;insured_objects[0].year;policy_details.coverage_type;policy_details.effective_date;policy_details.expiration_date;policy_details.policy_number;policy_details.policyholder_name,,3645
chat,ChatAdapter(use_json_adapter_fallback=False),insurance-claims-0008,parse_error,AdapterParseError,7.865127965000283,1,none,0,11,0.0,False,,header.channel;header.claim_id;header.incident_date;header.report_date;header.reported_by;incident_description.estimated_damage_amount;incident_description.incident_type;incident_description.location_type;incident_description.police_report_number;insured_objects;policy_details,,3642
chat,ChatAdapter(use_json_adapter_fallback=False),insurance-claims-0009,parse_error,AdapterParseError,7.897708431000865,1,none,0,20,0.0,False,,header.channel;header.claim_id;header.incident_date;header.report_date;header.reported_by;incident_description.estimated_damage_amount;incident_description.incident_type;incident_description.location_type;incident_description.police_report_number;insured_objects[0].estimated_value;insured_objects[0].location_address;insured_objects[0].make_model;insured_objects[0].object_id;insured_objects[0].object_type;insured_objects[0].year;policy_details.coverage_type;policy_details.effective_date;policy_details.expiration_date;policy_details.policy_number;policy_details.policyholder_name,,3665
chat,ChatAdapter(use_json_adapter_fallback=False),insurance-claims-0010,parse_error,AdapterParseError,8.124562832001175,1,none,0,11,0.0,False,,header.channel;header.claim_id;header.incident_date;header.report_date;header.reported_by;incident_description.estimated_damage_amount;incident_description.incident_type;incident_description.location_type;incident_description.police_report_number;insured_objects;policy_details,,3563
chat,ChatAdapter(use_json_adapter_fallback=False),insurance-claims-0011,parse_error,AdapterParseError,7.9953352749998885,1,none,0,11,0.0,False,,header.channel;header.claim_id;header.incident_date;header.report_date;header.reported_by;incident_description.estimated_damage_amount;incident_description.incident_type;incident_description.location_type;incident_description.police_report_number;insured_objects;policy_details,,3517
chat,ChatAdapter(use_json_adapter_fallback=False),insurance-claims-0012,parse_error,AdapterParseError,4.534095621000233,1,none,0,20,0.0,False,,header.channel;header.claim_id;header.incident_date;header.report_date;header.reported_by;incident_description.estimated_damage_amount;incident_description.incident_type;incident_description.location_type;incident_description.police_report_number;insured_objects[0].estimated_value;insured_objects[0].location_address;insured_objects[0].make_model;insured_objects[0].object_id;insured_objects[0].object_type;insured_objects[0].year;policy_details.coverage_type;policy_details.effective_date;policy_details.expiration_date;policy_details.policy_number;policy_details.policyholder_name,,3264
chat,ChatAdapter(use_json_adapter_fallback=False),insurance-claims-0013,parse_error,AdapterParseError,6.344527159999416,1,none,0,20,0.0,False,,header.channel;header.claim_id;header.incident_date;header.report_date;header.reported_by;incident_description.estimated_damage_amount;incident_description.incident_type;incident_description.location_type;incident_description.police_report_number;insured_objects[0].estimated_value;insured_objects[0].location_address;insured_objects[0].make_model;insured_objects[0].object_id;insured_objects[0].object_type;insured_objects[0].year;policy_details.coverage_type;policy_details.effective_date;policy_details.expiration_date;policy_details.policy_number;policy_details.policyholder_name,,3467
chat,ChatAdapter(use_json_adapter_fallback=False),insurance-claims-0014,parse_error,AdapterParseError,7.876581200000146,1,none,0,20,0.0,False,,header.channel;header.claim_id;header.incident_date;header.report_date;header.reported_by;incident_description.estimated_damage_amount;incident_description.incident_type;incident_description.location_type;incident_description.police_report_number;insured_objects[0].estimated_value;insured_objects[0].location_address;insured_objects[0].make_model;insured_objects[0].object_id;insured_objects[0].object_type;insured_objects[0].year;policy_details.coverage_type;policy_details.effective_date;policy_details.expiration_date;policy_details.policy_number;policy_details.policyholder_name,,3209
chat,ChatAdapter(use_json_adapter_fallback=False),insurance-claims-0015,parse_error,AdapterParseError,8.00397781600077,1,none,0,20,0.0,False,,header.channel;header.claim_id;header.incident_date;header.report_date;header.reported_by;incident_description.estimated_damage_amount;incident_description.incident_type;incident_description.location_type;incident_description.police_report_number;insured_objects[0].estimated_value;insured_objects[0].location_address;insured_objects[0].make_model;insured_objects[0].object_id;insured_objects[0].object_type;insured_objects[0].year;policy_details.coverage_type;policy_details.effective_date;policy_details.expiration_date;policy_details.policy_number;policy_details.policyholder_name,,3612
chat,ChatAdapter(use_json_adapter_fallback=False),insurance-claims-0016,parse_error,AdapterParseError,2.7059106479991897,1,none,0,20,0.0,False,,header.channel;header.claim_id;header.incident_date;header.report_date;header.reported_by;incident_description.estimated_damage_amount;incident_description.incident_type;incident_description.location_type;incident_description.police_report_number;insured_objects[0].estimated_value;insured_objects[0].location_address;insured_objects[0].make_model;insured_objects[0].object_id;insured_objects[0].object_type;insured_objects[0].year;policy_details.coverage_type;policy_details.effective_date;policy_details.expiration_date;policy_details.policy_number;policy_details.policyholder_name,,2793
chat,ChatAdapter(use_json_adapter_fallback=False),insurance-claims-0017,parse_error,AdapterParseError,7.748556214000928,1,none,0,20,0.0,False,,header.channel;header.claim_id;header.incident_date;header.report_date;header.reported_by;incident_description.estimated_damage_amount;incident_description.incident_type;incident_description.location_type;incident_description.police_report_number;insured_objects[0].estimated_value;insured_objects[0].location_address;insured_objects[0].make_model;insured_objects[0].object_id;insured_objects[0].object_type;insured_objects[0].year;policy_details.coverage_type;policy_details.effective_date;policy_details.expiration_date;policy_details.policy_number;policy_details.policyholder_name,,3336
chat,ChatAdapter(use_json_adapter_fallback=False),insurance-claims-0018,parse_error,AdapterParseError,7.745583801000976,1,none,0,20,0.0,False,,header.channel;header.claim_id;header.incident_date;header.report_date;header.reported_by;incident_description.estimated_damage_amount;incident_description.incident_type;incident_description.location_type;incident_description.police_report_number;insured_objects[0].estimated_value;insured_objects[0].location_address;insured_objects[0].make_model;insured_objects[0].object_id;insured_objects[0].object_type;insured_objects[0].year;policy_details.coverage_type;policy_details.effective_date;policy_details.expiration_date;policy_details.policy_number;policy_details.policyholder_name,,3288
chat,ChatAdapter(use_json_adapter_fallback=False),insurance-claims-0019,parse_error,AdapterParseError,7.62191693800014,1,none,0,20,0.0,False,,header.channel;header.claim_id;header.incident_date;header.report_date;header.reported_by;incident_description.estimated_damage_amount;incident_description.incident_type;incident_description.location_type;incident_description.police_report_number;insured_objects[0].estimated_value;insured_objects[0].location_address;insured_objects[0].make_model;insured_objects[0].object_id;insured_objects[0].object_type;insured_objects[0].year;policy_details.coverage_type;policy_details.effective_date;policy_details.expiration_date;policy_details.policy_number;policy_details.policyholder_name,,3230
chat,ChatAdapter(use_json_adapter_fallback=False),insurance-claims-0020,parse_error,AdapterParseError,5.918784030000097,1,none,0,20,0.0,False,,header.channel;header.claim_id;header.incident_date;header.report_date;header.reported_by;incident_description.estimated_damage_amount;incident_description.incident_type;incident_description.location_type;incident_description.police_report_number;insured_objects[0].estimated_value;insured_objects[0].location_address;insured_objects[0].make_model;insured_objects[0].object_id;insured_objects[0].object_type;insured_objects[0].year;policy_details.coverage_type;policy_details.effective_date;policy_details.expiration_date;policy_details.policy_number;policy_details.policyholder_name,,3106
chat,ChatAdapter(use_json_adapter_fallback=False),insurance-claims-0021,parse_error,AdapterParseError,4.569841229998929,1,none,0,26,0.0,False,,header.channel;header.claim_id;header.incident_date;header.report_date;header.reported_by;incident_description.estimated_damage_amount;incident_description.incident_type;incident_description.location_type;incident_description.police_report_number;insured_objects[0].estimated_value;insured_objects[0].location_address;insured_objects[0].make_model;insured_objects[0].object_id;insured_objects[0].object_type;insured_objects[0].year;insured_objects[1].estimated_value;insured_objects[1].location_address;insured_objects[1].make_model;insured_objects[1].object_id;insured_objects[1].object_type;insured_objects[1].year;policy_details.coverage_type;policy_details.effective_date;policy_details.expiration_date;policy_details.policy_number;policy_details.policyholder_name,,2993
chat,ChatAdapter(use_json_adapter_fallback=False),insurance-claims-0022,parse_error,AdapterParseError,6.0366014990013355,1,none,0,20,0.0,False,,header.channel;header.claim_id;header.incident_date;header.report_date;header.reported_by;incident_description.estimated_damage_amount;incident_description.incident_type;incident_description.location_type;incident_description.police_report_number;insured_objects[0].estimated_value;insured_objects[0].location_address;insured_objects[0].make_model;insured_objects[0].object_id;insured_objects[0].object_type;insured_objects[0].year;policy_details.coverage_type;policy_details.effective_date;policy_details.expiration_date;policy_details.policy_number;policy_details.policyholder_name,,3082
chat,ChatAdapter(use_json_adapter_fallback=False),insurance-claims-0023,parse_error,AdapterParseError,7.134604013999706,1,none,0,20,0.0,False,,header.channel;header.claim_id;header.incident_date;header.report_date;header.reported_by;incident_description.estimated_damage_amount;incident_description.incident_type;incident_description.location_type;incident_description.police_report_number;insured_objects[0].estimated_value;insured_objects[0].location_address;insured_objects[0].make_model;insured_objects[0].object_id;insured_objects[0].object_type;insured_objects[0].year;policy_details.coverage_type;policy_details.effective_date;policy_details.expiration_date;policy_details.policy_number;policy_details.policyholder_name,,3175
chat,ChatAdapter(use_json_adapter_fallback=False),insurance-claims-0024,parse_error,AdapterParseError,7.80145190499934,1,none,0,20,0.0,False,,header.channel;header.claim_id;header.incident_date;header.report_date;header.reported_by;incident_description.estimated_damage_amount;incident_description.incident_type;incident_description.location_type;incident_description.police_report_number;insured_objects[0].estimated_value;insured_objects[0].location_address;insured_objects[0].make_model;insured_objects[0].object_id;insured_objects[0].object_type;insured_objects[0].year;policy_details.coverage_type;policy_details.effective_date;policy_details.expiration_date;policy_details.policy_number;policy_details.policyholder_name,,3279
chat,ChatAdapter(use_json_adapter_fallback=False),insurance-claims-0025,parse_error,AdapterParseError,6.7301240880005935,1,none,0,11,0.0,False,,header.channel;header.claim_id;header.incident_date;header.report_date;header.reported_by;incident_description.estimated_damage_amount;incident_description.incident_type;incident_description.location_type;incident_description.police_report_number;insured_objects;policy_details,,3174
chat,ChatAdapter(use_json_adapter_fallback=False),insurance-claims-0026,parse_error,AdapterParseError,7.85365592099879,1,none,0,20,0.0,False,,header.channel;header.claim_id;header.incident_date;header.report_date;header.reported_by;incident_description.estimated_damage_amount;incident_description.incident_type;incident_description.location_type;incident_description.police_report_number;insured_objects[0].estimated_value;insured_objects[0].location_address;insured_objects[0].make_model;insured_objects[0].object_id;insured_objects[0].object_type;insured_objects[0].year;policy_details.coverage_type;policy_details.effective_date;policy_details.expiration_date;policy_details.policy_number;policy_details.policyholder_name,,3216
chat,ChatAdapter(use_json_adapter_fallback=False),insurance-claims-0027,parse_error,AdapterParseError,6.064714535999883,1,none,0,20,0.0,False,,header.channel;header.claim_id;header.incident_date;header.report_date;header.reported_by;incident_description.estimated_damage_amount;incident_description.incident_type;incident_description.location_type;incident_description.police_report_number;insured_objects[0].estimated_value;insured_objects[0].location_address;insured_objects[0].make_model;insured_objects[0].object_id;insured_objects[0].object_type;insured_objects[0].year;policy_details.coverage_type;policy_details.effective_date;policy_details.expiration_date;policy_details.policy_number;policy_details.policyholder_name,,3060
chat,ChatAdapter(use_json_adapter_fallback=False),insurance-claims-0028,parse_error,AdapterParseError,2.727026896998723,1,none,0,20,0.0,False,,header.channel;header.claim_id;header.incident_date;header.report_date;header.reported_by;incident_description.estimated_damage_amount;incident_description.incident_type;incident_description.location_type;incident_description.police_report_number;insured_objects[0].estimated_value;insured_objects[0].location_address;insured_objects[0].make_model;insured_objects[0].object_id;insured_objects[0].object_type;insured_objects[0].year;policy_details.coverage_type;policy_details.effective_date;policy_details.expiration_date;policy_details.policy_number;policy_details.policyholder_name,,2615
chat,ChatAdapter(use_json_adapter_fallback=False),insurance-claims-0029,parse_error,AdapterParseError,7.804155818999789,1,none,0,20,0.0,False,,header.channel;header.claim_id;header.incident_date;header.report_date;header.reported_by;incident_description.estimated_damage_amount;incident_description.incident_type;incident_description.location_type;incident_description.police_report_number;insured_objects[0].estimated_value;insured_objects[0].location_address;insured_objects[0].make_model;insured_objects[0].object_id;insured_objects[0].object_type;insured_objects[0].year;policy_details.coverage_type;policy_details.effective_date;policy_details.expiration_date;policy_details.policy_number;policy_details.policyholder_name,,3201
json,JSONAdapter(),insurance-claims-0000,validation_error,ValidationError,8.236939567001173,1,json_object,0,20,0.0,False,,header.channel;header.claim_id;header.incident_date;header.report_date;header.reported_by;incident_description.estimated_damage_amount;incident_description.incident_type;incident_description.location_type;incident_description.police_report_number;insured_objects[0].estimated_value;insured_objects[0].location_address;insured_objects[0].make_model;insured_objects[0].object_id;insured_objects[0].object_type;insured_objects[0].year;policy_details.coverage_type;policy_details.effective_date;policy_details.expiration_date;policy_details.policy_number;policy_details.policyholder_name,,3684
json,JSONAdapter(),insurance-claims-0001,validation_error,ValidationError,7.841752760999952,1,json_object,0,20,0.0,False,,header.channel;header.claim_id;header.incident_date;header.report_date;header.reported_by;incident_description.estimated_damage_amount;incident_description.incident_type;incident_description.location_type;incident_description.police_report_number;insured_objects[0].estimated_value;insured_objects[0].location_address;insured_objects[0].make_model;insured_objects[0].object_id;insured_objects[0].object_type;insured_objects[0].year;policy_details.coverage_type;policy_details.effective_date;policy_details.expiration_date;policy_details.policy_number;policy_details.policyholder_name,,3345
json,JSONAdapter(),insurance-claims-0002,validation_error,ValidationError,7.986470829000609,1,json_object,0,11,0.0,False,,header.channel;header.claim_id;header.incident_date;header.report_date;header.reported_by;incident_description.estimated_damage_amount;incident_description.incident_type;incident_description.location_type;incident_description.police_report_number;insured_objects;policy_details,,3587
json,JSONAdapter(),insurance-claims-0003,validation_error,ValidationError,7.963087439999072,1,json_object,0,26,0.0,False,,header.channel;header.claim_id;header.incident_date;header.report_date;header.reported_by;incident_description.estimated_damage_amount;incident_description.incident_type;incident_description.location_type;incident_description.police_report_number;insured_objects[0].estimated_value;insured_objects[0].location_address;insured_objects[0].make_model;insured_objects[0].object_id;insured_objects[0].object_type;insured_objects[0].year;insured_objects[1].estimated_value;insured_objects[1].location_address;insured_objects[1].make_model;insured_objects[1].object_id;insured_objects[1].object_type;insured_objects[1].year;policy_details.coverage_type;policy_details.effective_date;policy_details.expiration_date;policy_details.policy_number;policy_details.policyholder_name,,3463
json,JSONAdapter(),insurance-claims-0004,validation_error,ValidationError,7.96922566000103,1,json_object,0,20,0.0,False,,header.channel;header.claim_id;header.incident_date;header.report_date;header.reported_by;incident_description.estimated_damage_amount;incident_description.incident_type;incident_description.location_type;incident_description.police_report_number;insured_objects[0].estimated_value;insured_objects[0].location_address;insured_objects[0].make_model;insured_objects[0].object_id;insured_objects[0].object_type;insured_objects[0].year;policy_details.coverage_type;policy_details.effective_date;policy_details.expiration_date;policy_details.policy_number;policy_details.policyholder_name,,3730
json,JSONAdapter(),insurance-claims-0005,validation_error,ValidationError,8.087243010000748,1,json_object,0,20,0.0,False,,header.channel;header.claim_id;header.incident_date;header.report_date;header.reported_by;incident_description.estimated_damage_amount;incident_description.incident_type;incident_description.location_type;incident_description.police_report_number;insured_objects[0].estimated_value;insured_objects[0].location_address;insured_objects[0].make_model;insured_objects[0].object_id;insured_objects[0].object_type;insured_objects[0].year;policy_details.coverage_type;policy_details.effective_date;policy_details.expiration_date;policy_details.policy_number;policy_details.policyholder_name,,3709
json,JSONAdapter(),insurance-claims-0006,validation_error,ValidationError,8.050285740999243,1,json_object,0,20,0.0,False,,header.channel;header.claim_id;header.incident_date;header.report_date;header.reported_by;incident_description.estimated_damage_amount;incident_description.incident_type;incident_description.location_type;incident_description.police_report_number;insured_objects[0].estimated_value;insured_objects[0].location_address;insured_objects[0].make_model;insured_objects[0].object_id;insured_objects[0].object_type;insured_objects[0].year;policy_details.coverage_type;policy_details.effective_date;policy_details.expiration_date;policy_details.policy_number;policy_details.policyholder_name,,3747
json,JSONAdapter(),insurance-claims-0007,validation_error,ValidationError,7.990139116000137,1,json_object,0,20,0.0,False,,header.channel;header.claim_id;header.incident_date;header.report_date;header.reported_by;incident_description.estimated_damage_amount;incident_description.incident_type;incident_description.location_type;incident_description.police_report_number;insured_objects[0].estimated_value;insured_objects[0].location_address;insured_objects[0].make_model;insured_objects[0].object_id;insured_objects[0].object_type;insured_objects[0].year;policy_details.coverage_type;policy_details.effective_date;policy_details.expiration_date;policy_details.policy_number;policy_details.policyholder_name,,3702
json,JSONAdapter(),insurance-claims-0008,validation_error,ValidationError,7.990706745998978,1,json_object,0,11,0.0,False,,header.channel;header.claim_id;header.incident_date;header.report_date;header.reported_by;incident_description.estimated_damage_amount;incident_description.incident_type;incident_description.location_type;incident_description.police_report_number;insured_objects;policy_details,,3699
json,JSONAdapter(),insurance-claims-0009,validation_error,ValidationError,8.036393303000295,1,json_object,0,20,0.0,False,,header.channel;header.claim_id;header.incident_date;header.report_date;header.reported_by;incident_description.estimated_damage_amount;incident_description.incident_type;incident_description.location_type;incident_description.police_report_number;insured_objects[0].estimated_value;insured_objects[0].location_address;insured_objects[0].make_model;insured_objects[0].object_id;insured_objects[0].object_type;insured_objects[0].year;policy_details.coverage_type;policy_details.effective_date;policy_details.expiration_date;policy_details.policy_number;policy_details.policyholder_name,,3722
json,JSONAdapter(),insurance-claims-0010,validation_error,ValidationError,7.969772174001264,1,json_object,0,11,0.0,False,,header.channel;header.claim_id;header.incident_date;header.report_date;header.reported_by;incident_description.estimated_damage_amount;incident_description.incident_type;incident_description.location_type;incident_description.police_report_number;insured_objects;policy_details,,3620
json,JSONAdapter(),insurance-claims-0011,validation_error,ValidationError,6.055771789000573,1,json_object,0,11,0.0,False,,header.channel;header.claim_id;header.incident_date;header.report_date;header.reported_by;incident_description.estimated_damage_amount;incident_description.incident_type;incident_description.location_type;incident_description.police_report_number;insured_objects;policy_details,,3349
json,JSONAdapter(),insurance-claims-0012,validation_error,ValidationError,7.956064680998679,1,json_object,0,20,0.0,False,,header.channel;header.claim_id;header.incident_date;header.report_date;header.reported_by;incident_description.estimated_damage_amount;incident_description.incident_type;incident_description.location_type;incident_description.police_report_number;insured_objects[0].estimated_value;insured_objects[0].location_address;insured_objects[0].make_model;insured_objects[0].object_id;insured_objects[0].object_type;insured_objects[0].year;policy_details.coverage_type;policy_details.effective_date;policy_details.expiration_date;policy_details.policy_number;policy_details.policyholder_name,,3720
json,JSONAdapter(),insurance-claims-0013,validation_error,ValidationError,8.041178630001014,1,json_object,0,20,0.0,False,,header.channel;header.claim_id;header.incident_date;header.report_date;header.reported_by;incident_description.estimated_damage_amount;incident_description.incident_type;incident_description.location_type;incident_description.police_report_number;insured_objects[0].estimated_value;insured_objects[0].location_address;insured_objects[0].make_model;insured_objects[0].object_id;insured_objects[0].object_type;insured_objects[0].year;policy_details.coverage_type;policy_details.effective_date;policy_details.expiration_date;policy_details.policy_number;policy_details.policyholder_name,,3720
json,JSONAdapter(),insurance-claims-0014,validation_error,ValidationError,7.936396945000524,1,json_object,0,20,0.0,False,,header.channel;header.claim_id;header.incident_date;header.report_date;header.reported_by;incident_description.estimated_damage_amount;incident_description.incident_type;incident_description.location_type;incident_description.police_report_number;insured_objects[0].estimated_value;insured_objects[0].location_address;insured_objects[0].make_model;insured_objects[0].object_id;insured_objects[0].object_type;insured_objects[0].year;policy_details.coverage_type;policy_details.effective_date;policy_details.expiration_date;policy_details.policy_number;policy_details.policyholder_name,,3266
json,JSONAdapter(),insurance-claims-0015,validation_error,ValidationError,7.990572823000548,1,json_object,0,20,0.0,False,,header.channel;header.claim_id;header.incident_date;header.report_date;header.reported_by;incident_description.estimated_damage_amount;incident_description.incident_type;incident_description.location_type;incident_description.police_report_number;insured_objects[0].estimated_value;insured_objects[0].location_address;insured_objects[0].make_model;insured_objects[0].object_id;insured_objects[0].object_type;insured_objects[0].year;policy_details.coverage_type;policy_details.effective_date;policy_details.expiration_date;policy_details.policy_number;policy_details.policyholder_name,,3669
json,JSONAdapter(),insurance-claims-0016,validation_error,ValidationError,3.129044168001201,1,json_object,0,20,0.0,False,,header.channel;header.claim_id;header.incident_date;header.report_date;header.reported_by;incident_description.estimated_damage_amount;incident_description.incident_type;incident_description.location_type;incident_description.police_report_number;insured_objects[0].estimated_value;insured_objects[0].location_address;insured_objects[0].make_model;insured_objects[0].object_id;insured_objects[0].object_type;insured_objects[0].year;policy_details.coverage_type;policy_details.effective_date;policy_details.expiration_date;policy_details.policy_number;policy_details.policyholder_name,,2886
json,JSONAdapter(),insurance-claims-0017,validation_error,ValidationError,7.934950706998279,1,json_object,0,20,0.0,False,,header.channel;header.claim_id;header.incident_date;header.report_date;header.reported_by;incident_description.estimated_damage_amount;incident_description.incident_type;incident_description.location_type;incident_description.police_report_number;insured_objects[0].estimated_value;insured_objects[0].location_address;insured_objects[0].make_model;insured_objects[0].object_id;insured_objects[0].object_type;insured_objects[0].year;policy_details.coverage_type;policy_details.effective_date;policy_details.expiration_date;policy_details.policy_number;policy_details.policyholder_name,,3393
json,JSONAdapter(),insurance-claims-0018,validation_error,ValidationError,7.833329821000007,1,json_object,0,20,0.0,False,,header.channel;header.claim_id;header.incident_date;header.report_date;header.reported_by;incident_description.estimated_damage_amount;incident_description.incident_type;incident_description.location_type;incident_description.police_report_number;insured_objects[0].estimated_value;insured_objects[0].location_address;insured_objects[0].make_model;insured_objects[0].object_id;insured_objects[0].object_type;insured_objects[0].year;policy_details.coverage_type;policy_details.effective_date;policy_details.expiration_date;policy_details.policy_number;policy_details.policyholder_name,,3345
json,JSONAdapter(),insurance-claims-0019,validation_error,ValidationError,7.87077798899918,1,json_object,0,20,0.0,False,,header.channel;header.claim_id;header.incident_date;header.report_date;header.reported_by;incident_description.estimated_damage_amount;incident_description.incident_type;incident_description.location_type;incident_description.police_report_number;insured_objects[0].estimated_value;insured_objects[0].location_address;insured_objects[0].make_model;insured_objects[0].object_id;insured_objects[0].object_type;insured_objects[0].year;policy_details.coverage_type;policy_details.effective_date;policy_details.expiration_date;policy_details.policy_number;policy_details.policyholder_name,,3305
json,JSONAdapter(),insurance-claims-0020,validation_error,ValidationError,7.8653077430008125,1,json_object,0,20,0.0,False,,header.channel;header.claim_id;header.incident_date;header.report_date;header.reported_by;incident_description.estimated_damage_amount;incident_description.incident_type;incident_description.location_type;incident_description.police_report_number;insured_objects[0].estimated_value;insured_objects[0].location_address;insured_objects[0].make_model;insured_objects[0].object_id;insured_objects[0].object_type;insured_objects[0].year;policy_details.coverage_type;policy_details.effective_date;policy_details.expiration_date;policy_details.policy_number;policy_details.policyholder_name,,3380
json,JSONAdapter(),insurance-claims-0021,validation_error,ValidationError,7.899913465000282,1,json_object,0,26,0.0,False,,header.channel;header.claim_id;header.incident_date;header.report_date;header.reported_by;incident_description.estimated_damage_amount;incident_description.incident_type;incident_description.location_type;incident_description.police_report_number;insured_objects[0].estimated_value;insured_objects[0].location_address;insured_objects[0].make_model;insured_objects[0].object_id;insured_objects[0].object_type;insured_objects[0].year;insured_objects[1].estimated_value;insured_objects[1].location_address;insured_objects[1].make_model;insured_objects[1].object_id;insured_objects[1].object_type;insured_objects[1].year;policy_details.coverage_type;policy_details.effective_date;policy_details.expiration_date;policy_details.policy_number;policy_details.policyholder_name,,3423
json,JSONAdapter(),insurance-claims-0022,validation_error,ValidationError,7.961385418000646,1,json_object,0,20,0.0,False,,header.channel;header.claim_id;header.incident_date;header.report_date;header.reported_by;incident_description.estimated_damage_amount;incident_description.incident_type;incident_description.location_type;incident_description.police_report_number;insured_objects[0].estimated_value;insured_objects[0].location_address;insured_objects[0].make_model;insured_objects[0].object_id;insured_objects[0].object_type;insured_objects[0].year;policy_details.coverage_type;policy_details.effective_date;policy_details.expiration_date;policy_details.policy_number;policy_details.policyholder_name,,3339
json,JSONAdapter(),insurance-claims-0023,validation_error,ValidationError,7.807396641001105,1,json_object,0,20,0.0,False,,header.channel;header.claim_id;header.incident_date;header.report_date;header.reported_by;incident_description.estimated_damage_amount;incident_description.incident_type;incident_description.location_type;incident_description.police_report_number;insured_objects[0].estimated_value;insured_objects[0].location_address;insured_objects[0].make_model;insured_objects[0].object_id;insured_objects[0].object_type;insured_objects[0].year;policy_details.coverage_type;policy_details.effective_date;policy_details.expiration_date;policy_details.policy_number;policy_details.policyholder_name,,3310
json,JSONAdapter(),insurance-claims-0024,validation_error,ValidationError,7.825031377000414,1,json_object,0,20,0.0,False,,header.channel;header.claim_id;header.incident_date;header.report_date;header.reported_by;incident_description.estimated_damage_amount;incident_description.incident_type;incident_description.location_type;incident_description.police_report_number;insured_objects[0].estimated_value;insured_objects[0].location_address;insured_objects[0].make_model;insured_objects[0].object_id;insured_objects[0].object_type;insured_objects[0].year;policy_details.coverage_type;policy_details.effective_date;policy_details.expiration_date;policy_details.policy_number;policy_details.policyholder_name,,3336
json,JSONAdapter(),insurance-claims-0025,validation_error,ValidationError,7.93041095999979,1,json_object,0,11,0.0,False,,header.channel;header.claim_id;header.incident_date;header.report_date;header.reported_by;incident_description.estimated_damage_amount;incident_description.incident_type;incident_description.location_type;incident_description.police_report_number;insured_objects;policy_details,,3355
json,JSONAdapter(),insurance-claims-0026,validation_error,ValidationError,3.353516008999577,1,json_object,0,20,0.0,False,,header.channel;header.claim_id;header.incident_date;header.report_date;header.reported_by;incident_description.estimated_damage_amount;incident_description.incident_type;incident_description.location_type;incident_description.police_report_number;insured_objects[0].estimated_value;insured_objects[0].location_address;insured_objects[0].make_model;insured_objects[0].object_id;insured_objects[0].object_type;insured_objects[0].year;policy_details.coverage_type;policy_details.effective_date;policy_details.expiration_date;policy_details.policy_number;policy_details.policyholder_name,,2729
json,JSONAdapter(),insurance-claims-0027,validation_error,ValidationError,7.860440890000973,1,json_object,0,20,0.0,False,,header.channel;header.claim_id;header.incident_date;header.report_date;header.reported_by;incident_description.estimated_damage_amount;incident_description.incident_type;incident_description.location_type;incident_description.police_report_number;insured_objects[0].estimated_value;insured_objects[0].location_address;insured_objects[0].make_model;insured_objects[0].object_id;insured_objects[0].object_type;insured_objects[0].year;policy_details.coverage_type;policy_details.effective_date;policy_details.expiration_date;policy_details.policy_number;policy_details.policyholder_name,,3323
json,JSONAdapter(),insurance-claims-0028,validation_error,ValidationError,7.818080019998888,1,json_object,0,20,0.0,False,,header.channel;header.claim_id;header.incident_date;header.report_date;header.reported_by;incident_description.estimated_damage_amount;incident_description.incident_type;incident_description.location_type;incident_description.police_report_number;insured_objects[0].estimated_value;insured_objects[0].location_address;insured_objects[0].make_model;insured_objects[0].object_id;insured_objects[0].object_type;insured_objects[0].year;policy_details.coverage_type;policy_details.effective_date;policy_details.expiration_date;policy_details.policy_number;policy_details.policyholder_name,,3264
json,JSONAdapter(),insurance-claims-0029,validation_error,ValidationError,7.807631540999864,1,json_object,0,20,0.0,False,,header.channel;header.claim_id;header.incident_date;header.report_date;header.reported_by;incident_description.estimated_damage_amount;incident_description.incident_type;incident_description.location_type;incident_description.police_report_number;insured_objects[0].estimated_value;insured_objects[0].location_address;insured_objects[0].make_model;insured_objects[0].object_id;insured_objects[0].object_type;insured_objects[0].year;policy_details.coverage_type;policy_details.effective_date;policy_details.expiration_date;policy_details.policy_number;policy_details.policyholder_name,,3258
baml,BAMLAdapter(),insurance-claims-0000,validation_error,ValidationError,7.902097400001367,1,json_object,0,20,0.0,False,,header.channel;header.claim_id;header.incident_date;header.report_date;header.reported_by;incident_description.estimated_damage_amount;incident_description.incident_type;incident_description.location_type;incident_description.police_report_number;insured_objects[0].estimated_value;insured_objects[0].location_address;insured_objects[0].make_model;insured_objects[0].object_id;insured_objects[0].object_type;insured_objects[0].year;policy_details.coverage_type;policy_details.effective_date;policy_details.expiration_date;policy_details.policy_number;policy_details.policyholder_name,,2605
baml,BAMLAdapter(),insurance-claims-0001,parse_error,AdapterParseError,8.00238506200003,1,json_object,0,20,0.0,False,,header.channel;header.claim_id;header.incident_date;header.report_date;header.reported_by;incident_description.estimated_damage_amount;incident_description.incident_type;incident_description.location_type;incident_description.police_report_number;insured_objects[0].estimated_value;insured_objects[0].location_address;insured_objects[0].make_model;insured_objects[0].object_id;insured_objects[0].object_type;insured_objects[0].year;policy_details.coverage_type;policy_details.effective_date;policy_details.expiration_date;policy_details.policy_number;policy_details.policyholder_name,,2266
baml,BAMLAdapter(),insurance-claims-0002,validation_error,ValidationError,8.003894407998814,1,json_object,0,11,0.0,False,,header.channel;header.claim_id;header.incident_date;header.report_date;header.reported_by;incident_description.estimated_damage_amount;incident_description.incident_type;incident_description.location_type;incident_description.police_report_number;insured_objects;policy_details,,2508
baml,BAMLAdapter(),insurance-claims-0003,validation_error,ValidationError,6.252320483999938,1,json_object,0,26,0.0,False,,header.channel;header.claim_id;header.incident_date;header.report_date;header.reported_by;incident_description.estimated_damage_amount;incident_description.incident_type;incident_description.location_type;incident_description.police_report_number;insured_objects[0].estimated_value;insured_objects[0].location_address;insured_objects[0].make_model;insured_objects[0].object_id;insured_objects[0].object_type;insured_objects[0].year;insured_objects[1].estimated_value;insured_objects[1].location_address;insured_objects[1].make_model;insured_objects[1].object_id;insured_objects[1].object_type;insured_objects[1].year;policy_details.coverage_type;policy_details.effective_date;policy_details.expiration_date;policy_details.policy_number;policy_details.policyholder_name,,2105
baml,BAMLAdapter(),insurance-claims-0004,validation_error,ValidationError,7.736490622999554,1,json_object,0,20,0.0,False,,header.channel;header.claim_id;header.incident_date;header.report_date;header.reported_by;incident_description.estimated_damage_amount;incident_description.incident_type;incident_description.location_type;incident_description.police_report_number;insured_objects[0].estimated_value;insured_objects[0].location_address;insured_objects[0].make_model;insured_objects[0].object_id;insured_objects[0].object_type;insured_objects[0].year;policy_details.coverage_type;policy_details.effective_date;policy_details.expiration_date;policy_details.policy_number;policy_details.policyholder_name,,2651
baml,BAMLAdapter(),insurance-claims-0005,validation_error,ValidationError,7.839113194000674,1,json_object,0,20,0.0,False,,header.channel;header.claim_id;header.incident_date;header.report_date;header.reported_by;incident_description.estimated_damage_amount;incident_description.incident_type;incident_description.location_type;incident_description.police_report_number;insured_objects[0].estimated_value;insured_objects[0].location_address;insured_objects[0].make_model;insured_objects[0].object_id;insured_objects[0].object_type;insured_objects[0].year;policy_details.coverage_type;policy_details.effective_date;policy_details.expiration_date;policy_details.policy_number;policy_details.policyholder_name,,2630
baml,BAMLAdapter(),insurance-claims-0006,parse_error,AdapterParseError,8.596205964000546,1,json_object,0,20,0.0,False,,header.channel;header.claim_id;header.incident_date;header.report_date;header.reported_by;incident_description.estimated_damage_amount;incident_description.incident_type;incident_description.location_type;incident_description.police_report_number;insured_objects[0].estimated_value;insured_objects[0].location_address;insured_objects[0].make_model;insured_objects[0].object_id;insured_objects[0].object_type;insured_objects[0].year;policy_details.coverage_type;policy_details.effective_date;policy_details.expiration_date;policy_details.policy_number;policy_details.policyholder_name,,2668
baml,BAMLAdapter(),insurance-claims-0007,validation_error,ValidationError,7.950959055000567,1,json_object,0,20,0.0,False,,header.channel;header.claim_id;header.incident_date;header.report_date;header.reported_by;incident_description.estimated_damage_amount;incident_description.incident_type;incident_description.location_type;incident_description.police_report_number;insured_objects[0].estimated_value;insured_objects[0].location_address;insured_objects[0].make_model;insured_objects[0].object_id;insured_objects[0].object_type;insured_objects[0].year;policy_details.coverage_type;policy_details.effective_date;policy_details.expiration_date;policy_details.policy_number;policy_details.policyholder_name,,2623
baml,BAMLAdapter(),insurance-claims-0008,parse_error,AdapterParseError,8.132543215999249,1,json_object,0,11,0.0,False,,header.channel;header.claim_id;header.incident_date;header.report_date;header.reported_by;incident_description.estimated_damage_amount;incident_description.incident_type;incident_description.location_type;incident_description.police_report_number;insured_objects;policy_details,,2620
baml,BAMLAdapter(),insurance-claims-0009,validation_error,ValidationError,8.105357369999183,1,json_object,0,20,0.0,False,,header.channel;header.claim_id;header.incident_date;header.report_date;header.reported_by;incident_description.estimated_damage_amount;incident_description.incident_type;incident_description.location_type;incident_description.police_report_number;insured_objects[0].estimated_value;insured_objects[0].location_address;insured_objects[0].make_model;insured_objects[0].object_id;insured_objects[0].object_type;insured_objects[0].year;policy_details.coverage_type;policy_details.effective_date;policy_details.expiration_date;policy_details.policy_number;policy_details.policyholder_name,,2643
baml,BAMLAdapter(),insurance-claims-0010,parse_error,AdapterParseError,5.450281478999386,1,json_object,0,11,0.0,False,,header.channel;header.claim_id;header.incident_date;header.report_date;header.reported_by;incident_description.estimated_damage_amount;incident_description.incident_type;incident_description.location_type;incident_description.police_report_number;insured_objects;policy_details,,2238
baml,BAMLAdapter(),insurance-claims-0011,validation_error,ValidationError,8.220487294000122,1,json_object,0,11,0.0,False,,header.channel;header.claim_id;header.incident_date;header.report_date;header.reported_by;incident_description.estimated_damage_amount;incident_description.incident_type;incident_description.location_type;incident_description.police_report_number;insured_objects;policy_details,,2495
baml,BAMLAdapter(),insurance-claims-0012,validation_error,ValidationError,8.212920256999496,1,json_object,0,20,0.0,False,,header.channel;header.claim_id;header.incident_date;header.report_date;header.reported_by;incident_description.estimated_damage_amount;incident_description.incident_type;incident_description.location_type;incident_description.police_report_number;insured_objects[0].estimated_value;insured_objects[0].location_address;insured_objects[0].make_model;insured_objects[0].object_id;insured_objects[0].object_type;insured_objects[0].year;policy_details.coverage_type;policy_details.effective_date;policy_details.expiration_date;policy_details.policy_number;policy_details.policyholder_name,,2641
baml,BAMLAdapter(),insurance-claims-0013,validation_error,ValidationError,8.300422361999154,1,json_object,0,20,0.0,False,,header.channel;header.claim_id;header.incident_date;header.report_date;header.reported_by;incident_description.estimated_damage_amount;incident_description.incident_type;incident_description.location_type;incident_description.police_report_number;insured_objects[0].estimated_value;insured_objects[0].location_address;insured_objects[0].make_model;insured_objects[0].object_id;insured_objects[0].object_type;insured_objects[0].year;policy_details.coverage_type;policy_details.effective_date;policy_details.expiration_date;policy_details.policy_number;policy_details.policyholder_name,,2641
baml,BAMLAdapter(),insurance-claims-0014,validation_error,ValidationError,8.082063604000723,1,json_object,0,20,0.0,False,,header.channel;header.claim_id;header.incident_date;header.report_date;header.reported_by;incident_description.estimated_damage_amount;incident_description.incident_type;incident_description.location_type;incident_description.police_report_number;insured_objects[0].estimated_value;insured_objects[0].location_address;insured_objects[0].make_model;insured_objects[0].object_id;insured_objects[0].object_type;insured_objects[0].year;policy_details.coverage_type;policy_details.effective_date;policy_details.expiration_date;policy_details.policy_number;policy_details.policyholder_name,,2187
baml,BAMLAdapter(),insurance-claims-0015,validation_error,ValidationError,8.160086638999928,1,json_object,0,20,0.0,False,,header.channel;header.claim_id;header.incident_date;header.report_date;header.reported_by;incident_description.estimated_damage_amount;incident_description.incident_type;incident_description.location_type;incident_description.police_report_number;insured_objects[0].estimated_value;insured_objects[0].location_address;insured_objects[0].make_model;insured_objects[0].object_id;insured_objects[0].object_type;insured_objects[0].year;policy_details.coverage_type;policy_details.effective_date;policy_details.expiration_date;policy_details.policy_number;policy_details.policyholder_name,,2590
baml,BAMLAdapter(),insurance-claims-0016,validation_error,ValidationError,8.29325170499942,1,json_object,0,20,0.0,False,,header.channel;header.claim_id;header.incident_date;header.report_date;header.reported_by;incident_description.estimated_damage_amount;incident_description.incident_type;incident_description.location_type;incident_description.police_report_number;insured_objects[0].estimated_value;insured_objects[0].location_address;insured_objects[0].make_model;insured_objects[0].object_id;insured_objects[0].object_type;insured_objects[0].year;policy_details.coverage_type;policy_details.effective_date;policy_details.expiration_date;policy_details.policy_number;policy_details.policyholder_name,,2359
baml,BAMLAdapter(),insurance-claims-0017,parse_error,AdapterParseError,8.04901172099926,1,json_object,0,20,0.0,False,,header.channel;header.claim_id;header.incident_date;header.report_date;header.reported_by;incident_description.estimated_damage_amount;incident_description.incident_type;incident_description.location_type;incident_description.police_report_number;insured_objects[0].estimated_value;insured_objects[0].location_address;insured_objects[0].make_model;insured_objects[0].object_id;insured_objects[0].object_type;insured_objects[0].year;policy_details.coverage_type;policy_details.effective_date;policy_details.expiration_date;policy_details.policy_number;policy_details.policyholder_name,,2314
baml,BAMLAdapter(),insurance-claims-0018,parse_error,AdapterParseError,7.906538040000669,1,json_object,0,20,0.0,False,,header.channel;header.claim_id;header.incident_date;header.report_date;header.reported_by;incident_description.estimated_damage_amount;incident_description.incident_type;incident_description.location_type;incident_description.police_report_number;insured_objects[0].estimated_value;insured_objects[0].location_address;insured_objects[0].make_model;insured_objects[0].object_id;insured_objects[0].object_type;insured_objects[0].year;policy_details.coverage_type;policy_details.effective_date;policy_details.expiration_date;policy_details.policy_number;policy_details.policyholder_name,,2266
baml,BAMLAdapter(),insurance-claims-0019,parse_error,AdapterParseError,8.043208857001446,1,json_object,0,20,0.0,False,,header.channel;header.claim_id;header.incident_date;header.report_date;header.reported_by;incident_description.estimated_damage_amount;incident_description.incident_type;incident_description.location_type;incident_description.police_report_number;insured_objects[0].estimated_value;insured_objects[0].location_address;insured_objects[0].make_model;insured_objects[0].object_id;insured_objects[0].object_type;insured_objects[0].year;policy_details.coverage_type;policy_details.effective_date;policy_details.expiration_date;policy_details.policy_number;policy_details.policyholder_name,,2226
baml,BAMLAdapter(),insurance-claims-0020,validation_error,ValidationError,8.075131849000172,1,json_object,0,20,0.0,False,,header.channel;header.claim_id;header.incident_date;header.report_date;header.reported_by;incident_description.estimated_damage_amount;incident_description.incident_type;incident_description.location_type;incident_description.police_report_number;insured_objects[0].estimated_value;insured_objects[0].location_address;insured_objects[0].make_model;insured_objects[0].object_id;insured_objects[0].object_type;insured_objects[0].year;policy_details.coverage_type;policy_details.effective_date;policy_details.expiration_date;policy_details.policy_number;policy_details.policyholder_name,,2301
baml,BAMLAdapter(),insurance-claims-0021,parse_error,AdapterParseError,8.129562476999126,1,json_object,0,26,0.0,False,,header.channel;header.claim_id;header.incident_date;header.report_date;header.reported_by;incident_description.estimated_damage_amount;incident_description.incident_type;incident_description.location_type;incident_description.police_report_number;insured_objects[0].estimated_value;insured_objects[0].location_address;insured_objects[0].make_model;insured_objects[0].object_id;insured_objects[0].object_type;insured_objects[0].year;insured_objects[1].estimated_value;insured_objects[1].location_address;insured_objects[1].make_model;insured_objects[1].object_id;insured_objects[1].object_type;insured_objects[1].year;policy_details.coverage_type;policy_details.effective_date;policy_details.expiration_date;policy_details.policy_number;policy_details.policyholder_name,,2344
baml,BAMLAdapter(),insurance-claims-0022,parse_error,AdapterParseError,6.729447722000259,1,json_object,0,20,0.0,False,,header.channel;header.claim_id;header.incident_date;header.report_date;header.reported_by;incident_description.estimated_damage_amount;incident_description.incident_type;incident_description.location_type;incident_description.police_report_number;insured_objects[0].estimated_value;insured_objects[0].location_address;insured_objects[0].make_model;insured_objects[0].object_id;insured_objects[0].object_type;insured_objects[0].year;policy_details.coverage_type;policy_details.effective_date;policy_details.expiration_date;policy_details.policy_number;policy_details.policyholder_name,,1570
baml,BAMLAdapter(),insurance-claims-0023,parse_error,AdapterParseError,8.022690566000165,1,json_object,0,20,0.0,False,,header.channel;header.claim_id;header.incident_date;header.report_date;header.reported_by;incident_description.estimated_damage_amount;incident_description.incident_type;incident_description.location_type;incident_description.police_report_number;insured_objects[0].estimated_value;insured_objects[0].location_address;insured_objects[0].make_model;insured_objects[0].object_id;insured_objects[0].object_type;insured_objects[0].year;policy_details.coverage_type;policy_details.effective_date;policy_details.expiration_date;policy_details.policy_number;policy_details.policyholder_name,,2231
baml,BAMLAdapter(),insurance-claims-0024,parse_error,AdapterParseError,8.049829802999739,1,json_object,0,20,0.0,False,,header.channel;header.claim_id;header.incident_date;header.report_date;header.reported_by;incident_description.estimated_damage_amount;incident_description.incident_type;incident_description.location_type;incident_description.police_report_number;insured_objects[0].estimated_value;insured_objects[0].location_address;insured_objects[0].make_model;insured_objects[0].object_id;insured_objects[0].object_type;insured_objects[0].year;policy_details.coverage_type;policy_details.effective_date;policy_details.expiration_date;policy_details.policy_number;policy_details.policyholder_name,,2257
baml,BAMLAdapter(),insurance-claims-0025,validation_error,ValidationError,8.116629063999426,1,json_object,0,11,0.0,False,,header.channel;header.claim_id;header.incident_date;header.report_date;header.reported_by;incident_description.estimated_damage_amount;incident_description.incident_type;incident_description.location_type;incident_description.police_report_number;insured_objects;policy_details,,2276
baml,BAMLAdapter(),insurance-claims-0026,parse_error,AdapterParseError,7.976533046999975,1,json_object,0,20,0.0,False,,header.channel;header.claim_id;header.incident_date;header.report_date;header.reported_by;incident_description.estimated_damage_amount;incident_description.incident_type;incident_description.location_type;incident_description.police_report_number;insured_objects[0].estimated_value;insured_objects[0].location_address;insured_objects[0].make_model;insured_objects[0].object_id;insured_objects[0].object_type;insured_objects[0].year;policy_details.coverage_type;policy_details.effective_date;policy_details.expiration_date;policy_details.policy_number;policy_details.policyholder_name,,2194
baml,BAMLAdapter(),insurance-claims-0027,parse_error,AdapterParseError,8.058741900000314,1,json_object,0,20,0.0,False,,header.channel;header.claim_id;header.incident_date;header.report_date;header.reported_by;incident_description.estimated_damage_amount;incident_description.incident_type;incident_description.location_type;incident_description.police_report_number;insured_objects[0].estimated_value;insured_objects[0].location_address;insured_objects[0].make_model;insured_objects[0].object_id;insured_objects[0].object_type;insured_objects[0].year;policy_details.coverage_type;policy_details.effective_date;policy_details.expiration_date;policy_details.policy_number;policy_details.policyholder_name,,2244
baml,BAMLAdapter(),insurance-claims-0028,parse_error,AdapterParseError,8.038125744000354,1,json_object,0,20,0.0,False,,header.channel;header.claim_id;header.incident_date;header.report_date;header.reported_by;incident_description.estimated_damage_amount;incident_description.incident_type;incident_description.location_type;incident_description.police_report_number;insured_objects[0].estimated_value;insured_objects[0].location_address;insured_objects[0].make_model;insured_objects[0].object_id;insured_objects[0].object_type;insured_objects[0].year;policy_details.coverage_type;policy_details.effective_date;policy_details.expiration_date;policy_details.policy_number;policy_details.policyholder_name,,2185
baml,BAMLAdapter(),insurance-claims-0029,parse_error,AdapterParseError,7.912664774999939,1,json_object,0,20,0.0,False,,header.channel;header.claim_id;header.incident_date;header.report_date;header.reported_by;incident_description.estimated_damage_amount;incident_description.incident_type;incident_description.location_type;incident_description.police_report_number;insured_objects[0].estimated_value;insured_objects[0].location_address;insured_objects[0].make_model;insured_objects[0].object_id;insured_objects[0].object_type;insured_objects[0].year;policy_details.coverage_type;policy_details.effective_date;policy_details.expiration_date;policy_details.policy_number;policy_details.policyholder_name,,2179
sola-json-sections,"StructuredOutputAdapter(output_mode=JSON, prompt_layout=SECTIONS)",insurance-claims-0000,validation_error,ValidationError,8.495203265998498,1,json_object,0,20,0.0,False,,header.channel;header.claim_id;header.incident_date;header.report_date;header.reported_by;incident_description.estimated_damage_amount;incident_description.incident_type;incident_description.location_type;incident_description.police_report_number;insured_objects[0].estimated_value;insured_objects[0].location_address;insured_objects[0].make_model;insured_objects[0].object_id;insured_objects[0].object_type;insured_objects[0].year;policy_details.coverage_type;policy_details.effective_date;policy_details.expiration_date;policy_details.policy_number;policy_details.policyholder_name,,3604
sola-json-sections,"StructuredOutputAdapter(output_mode=JSON, prompt_layout=SECTIONS)",insurance-claims-0001,validation_error,ValidationError,8.103176323998923,1,json_object,0,20,0.0,False,,header.channel;header.claim_id;header.incident_date;header.report_date;header.reported_by;incident_description.estimated_damage_amount;incident_description.incident_type;incident_description.location_type;incident_description.police_report_number;insured_objects[0].estimated_value;insured_objects[0].location_address;insured_objects[0].make_model;insured_objects[0].object_id;insured_objects[0].object_type;insured_objects[0].year;policy_details.coverage_type;policy_details.effective_date;policy_details.expiration_date;policy_details.policy_number;policy_details.policyholder_name,,3265
sola-json-sections,"StructuredOutputAdapter(output_mode=JSON, prompt_layout=SECTIONS)",insurance-claims-0002,parse_error,AdapterParseError,8.197070284000802,1,json_object,0,11,0.0,False,,header.channel;header.claim_id;header.incident_date;header.report_date;header.reported_by;incident_description.estimated_damage_amount;incident_description.incident_type;incident_description.location_type;incident_description.police_report_number;insured_objects;policy_details,,3507
sola-json-sections,"StructuredOutputAdapter(output_mode=JSON, prompt_layout=SECTIONS)",insurance-claims-0003,parse_error,AdapterParseError,8.119461780001075,1,json_object,0,26,0.0,False,,header.channel;header.claim_id;header.incident_date;header.report_date;header.reported_by;incident_description.estimated_damage_amount;incident_description.incident_type;incident_description.location_type;incident_description.police_report_number;insured_objects[0].estimated_value;insured_objects[0].location_address;insured_objects[0].make_model;insured_objects[0].object_id;insured_objects[0].object_type;insured_objects[0].year;insured_objects[1].estimated_value;insured_objects[1].location_address;insured_objects[1].make_model;insured_objects[1].object_id;insured_objects[1].object_type;insured_objects[1].year;policy_details.coverage_type;policy_details.effective_date;policy_details.expiration_date;policy_details.policy_number;policy_details.policyholder_name,,3383
sola-json-sections,"StructuredOutputAdapter(output_mode=JSON, prompt_layout=SECTIONS)",insurance-claims-0004,validation_error,ValidationError,3.8645601850003004,1,json_object,0,20,0.0,False,,header.channel;header.claim_id;header.incident_date;header.report_date;header.reported_by;incident_description.estimated_damage_amount;incident_description.incident_type;incident_description.location_type;incident_description.police_report_number;insured_objects[0].estimated_value;insured_objects[0].location_address;insured_objects[0].make_model;insured_objects[0].object_id;insured_objects[0].object_type;insured_objects[0].year;policy_details.coverage_type;policy_details.effective_date;policy_details.expiration_date;policy_details.policy_number;policy_details.policyholder_name,,3167
sola-json-sections,"StructuredOutputAdapter(output_mode=JSON, prompt_layout=SECTIONS)",insurance-claims-0005,validation_error,ValidationError,5.7751805530006095,1,json_object,0,20,0.0,False,,header.channel;header.claim_id;header.incident_date;header.report_date;header.reported_by;incident_description.estimated_damage_amount;incident_description.incident_type;incident_description.location_type;incident_description.police_report_number;insured_objects[0].estimated_value;insured_objects[0].location_address;insured_objects[0].make_model;insured_objects[0].object_id;insured_objects[0].object_type;insured_objects[0].year;policy_details.coverage_type;policy_details.effective_date;policy_details.expiration_date;policy_details.policy_number;policy_details.policyholder_name,,3359
sola-json-sections,"StructuredOutputAdapter(output_mode=JSON, prompt_layout=SECTIONS)",insurance-claims-0006,parse_error,AdapterParseError,8.217990860999635,1,json_object,0,20,0.0,False,,header.channel;header.claim_id;header.incident_date;header.report_date;header.reported_by;incident_description.estimated_damage_amount;incident_description.incident_type;incident_description.location_type;incident_description.police_report_number;insured_objects[0].estimated_value;insured_objects[0].location_address;insured_objects[0].make_model;insured_objects[0].object_id;insured_objects[0].object_type;insured_objects[0].year;policy_details.coverage_type;policy_details.effective_date;policy_details.expiration_date;policy_details.policy_number;policy_details.policyholder_name,,3667
sola-json-sections,"StructuredOutputAdapter(output_mode=JSON, prompt_layout=SECTIONS)",insurance-claims-0007,validation_error,ValidationError,4.815775777000454,1,json_object,0,20,0.0,False,,header.channel;header.claim_id;header.incident_date;header.report_date;header.reported_by;incident_description.estimated_damage_amount;incident_description.incident_type;incident_description.location_type;incident_description.police_report_number;insured_objects[0].estimated_value;insured_objects[0].location_address;insured_objects[0].make_model;insured_objects[0].object_id;insured_objects[0].object_type;insured_objects[0].year;policy_details.coverage_type;policy_details.effective_date;policy_details.expiration_date;policy_details.policy_number;policy_details.policyholder_name,,3255
sola-json-sections,"StructuredOutputAdapter(output_mode=JSON, prompt_layout=SECTIONS)",insurance-claims-0008,parse_error,AdapterParseError,8.10772556700067,1,json_object,0,11,0.0,False,,header.channel;header.claim_id;header.incident_date;header.report_date;header.reported_by;incident_description.estimated_damage_amount;incident_description.incident_type;incident_description.location_type;incident_description.police_report_number;insured_objects;policy_details,,3619
sola-json-sections,"StructuredOutputAdapter(output_mode=JSON, prompt_layout=SECTIONS)",insurance-claims-0009,validation_error,ValidationError,6.497979469000711,1,json_object,0,20,0.0,False,,header.channel;header.claim_id;header.incident_date;header.report_date;header.reported_by;incident_description.estimated_damage_amount;incident_description.incident_type;incident_description.location_type;incident_description.police_report_number;insured_objects[0].estimated_value;insured_objects[0].location_address;insured_objects[0].make_model;insured_objects[0].object_id;insured_objects[0].object_type;insured_objects[0].year;policy_details.coverage_type;policy_details.effective_date;policy_details.expiration_date;policy_details.policy_number;policy_details.policyholder_name,,3456
sola-json-sections,"StructuredOutputAdapter(output_mode=JSON, prompt_layout=SECTIONS)",insurance-claims-0010,validation_error,ValidationError,3.5841636639997887,1,json_object,0,11,0.0,False,,header.channel;header.claim_id;header.incident_date;header.report_date;header.reported_by;incident_description.estimated_damage_amount;incident_description.incident_type;incident_description.location_type;incident_description.police_report_number;insured_objects;policy_details,,3038
sola-json-sections,"StructuredOutputAdapter(output_mode=JSON, prompt_layout=SECTIONS)",insurance-claims-0011,parse_error,AdapterParseError,8.034462102999896,1,json_object,0,11,0.0,False,,header.channel;header.claim_id;header.incident_date;header.report_date;header.reported_by;incident_description.estimated_damage_amount;incident_description.incident_type;incident_description.location_type;incident_description.police_report_number;insured_objects;policy_details,,3494
sola-json-sections,"StructuredOutputAdapter(output_mode=JSON, prompt_layout=SECTIONS)",insurance-claims-0012,validation_error,ValidationError,1.4122985899994092,1,json_object,0,20,0.0,False,,header.channel;header.claim_id;header.incident_date;header.report_date;header.reported_by;incident_description.estimated_damage_amount;incident_description.incident_type;incident_description.location_type;incident_description.police_report_number;insured_objects[0].estimated_value;insured_objects[0].location_address;insured_objects[0].make_model;insured_objects[0].object_id;insured_objects[0].object_type;insured_objects[0].year;policy_details.coverage_type;policy_details.effective_date;policy_details.expiration_date;policy_details.policy_number;policy_details.policyholder_name,,2313
sola-json-sections,"StructuredOutputAdapter(output_mode=JSON, prompt_layout=SECTIONS)",insurance-claims-0013,validation_error,ValidationError,8.146931978000794,1,json_object,0,20,0.0,False,,header.channel;header.claim_id;header.incident_date;header.report_date;header.reported_by;incident_description.estimated_damage_amount;incident_description.incident_type;incident_description.location_type;incident_description.police_report_number;insured_objects[0].estimated_value;insured_objects[0].location_address;insured_objects[0].make_model;insured_objects[0].object_id;insured_objects[0].object_type;insured_objects[0].year;policy_details.coverage_type;policy_details.effective_date;policy_details.expiration_date;policy_details.policy_number;policy_details.policyholder_name,,3640
sola-json-sections,"StructuredOutputAdapter(output_mode=JSON, prompt_layout=SECTIONS)",insurance-claims-0014,validation_error,ValidationError,7.181806821999999,1,json_object,0,20,0.0,False,,header.channel;header.claim_id;header.incident_date;header.report_date;header.reported_by;incident_description.estimated_damage_amount;incident_description.incident_type;incident_description.location_type;incident_description.police_report_number;insured_objects[0].estimated_value;insured_objects[0].location_address;insured_objects[0].make_model;insured_objects[0].object_id;insured_objects[0].object_type;insured_objects[0].year;policy_details.coverage_type;policy_details.effective_date;policy_details.expiration_date;policy_details.policy_number;policy_details.policyholder_name,,3102
sola-json-sections,"StructuredOutputAdapter(output_mode=JSON, prompt_layout=SECTIONS)",insurance-claims-0015,validation_error,ValidationError,4.7173156770004425,1,json_object,0,20,0.0,False,,header.channel;header.claim_id;header.incident_date;header.report_date;header.reported_by;incident_description.estimated_damage_amount;incident_description.incident_type;incident_description.location_type;incident_description.police_report_number;insured_objects[0].estimated_value;insured_objects[0].location_address;insured_objects[0].make_model;insured_objects[0].object_id;insured_objects[0].object_type;insured_objects[0].year;policy_details.coverage_type;policy_details.effective_date;policy_details.expiration_date;policy_details.policy_number;policy_details.policyholder_name,,3198
sola-json-sections,"StructuredOutputAdapter(output_mode=JSON, prompt_layout=SECTIONS)",insurance-claims-0016,validation_error,ValidationError,5.030255214000135,1,json_object,0,20,0.0,False,,header.channel;header.claim_id;header.incident_date;header.report_date;header.reported_by;incident_description.estimated_damage_amount;incident_description.incident_type;incident_description.location_type;incident_description.police_report_number;insured_objects[0].estimated_value;insured_objects[0].location_address;insured_objects[0].make_model;insured_objects[0].object_id;insured_objects[0].object_type;insured_objects[0].year;policy_details.coverage_type;policy_details.effective_date;policy_details.expiration_date;policy_details.policy_number;policy_details.policyholder_name,,3021
sola-json-sections,"StructuredOutputAdapter(output_mode=JSON, prompt_layout=SECTIONS)",insurance-claims-0017,validation_error,ValidationError,8.154904940000051,1,json_object,0,20,0.0,False,,header.channel;header.claim_id;header.incident_date;header.report_date;header.reported_by;incident_description.estimated_damage_amount;incident_description.incident_type;incident_description.location_type;incident_description.police_report_number;insured_objects[0].estimated_value;insured_objects[0].location_address;insured_objects[0].make_model;insured_objects[0].object_id;insured_objects[0].object_type;insured_objects[0].year;policy_details.coverage_type;policy_details.effective_date;policy_details.expiration_date;policy_details.policy_number;policy_details.policyholder_name,,3313
sola-json-sections,"StructuredOutputAdapter(output_mode=JSON, prompt_layout=SECTIONS)",insurance-claims-0018,validation_error,ValidationError,3.1972397129993624,1,json_object,0,20,0.0,False,,header.channel;header.claim_id;header.incident_date;header.report_date;header.reported_by;incident_description.estimated_damage_amount;incident_description.incident_type;incident_description.location_type;incident_description.police_report_number;insured_objects[0].estimated_value;insured_objects[0].location_address;insured_objects[0].make_model;insured_objects[0].object_id;insured_objects[0].object_type;insured_objects[0].year;policy_details.coverage_type;policy_details.effective_date;policy_details.expiration_date;policy_details.policy_number;policy_details.policyholder_name,,2715
sola-json-sections,"StructuredOutputAdapter(output_mode=JSON, prompt_layout=SECTIONS)",insurance-claims-0019,validation_error,ValidationError,4.939062246001413,1,json_object,0,20,0.0,False,,header.channel;header.claim_id;header.incident_date;header.report_date;header.reported_by;incident_description.estimated_damage_amount;incident_description.incident_type;incident_description.location_type;incident_description.police_report_number;insured_objects[0].estimated_value;insured_objects[0].location_address;insured_objects[0].make_model;insured_objects[0].object_id;insured_objects[0].object_type;insured_objects[0].year;policy_details.coverage_type;policy_details.effective_date;policy_details.expiration_date;policy_details.policy_number;policy_details.policyholder_name,,2880
sola-json-sections,"StructuredOutputAdapter(output_mode=JSON, prompt_layout=SECTIONS)",insurance-claims-0020,validation_error,ValidationError,8.116398053998637,1,json_object,0,20,0.0,False,,header.channel;header.claim_id;header.incident_date;header.report_date;header.reported_by;incident_description.estimated_damage_amount;incident_description.incident_type;incident_description.location_type;incident_description.police_report_number;insured_objects[0].estimated_value;insured_objects[0].location_address;insured_objects[0].make_model;insured_objects[0].object_id;insured_objects[0].object_type;insured_objects[0].year;policy_details.coverage_type;policy_details.effective_date;policy_details.expiration_date;policy_details.policy_number;policy_details.policyholder_name,,3300
sola-json-sections,"StructuredOutputAdapter(output_mode=JSON, prompt_layout=SECTIONS)",insurance-claims-0021,validation_error,ValidationError,7.9821589260009205,1,json_object,0,26,0.0,False,,header.channel;header.claim_id;header.incident_date;header.report_date;header.reported_by;incident_description.estimated_damage_amount;incident_description.incident_type;incident_description.location_type;incident_description.police_report_number;insured_objects[0].estimated_value;insured_objects[0].location_address;insured_objects[0].make_model;insured_objects[0].object_id;insured_objects[0].object_type;insured_objects[0].year;insured_objects[1].estimated_value;insured_objects[1].location_address;insured_objects[1].make_model;insured_objects[1].object_id;insured_objects[1].object_type;insured_objects[1].year;policy_details.coverage_type;policy_details.effective_date;policy_details.expiration_date;policy_details.policy_number;policy_details.policyholder_name,,3343
sola-json-sections,"StructuredOutputAdapter(output_mode=JSON, prompt_layout=SECTIONS)",insurance-claims-0022,parse_error,AdapterParseError,8.025048286999663,1,json_object,0,20,0.0,False,,header.channel;header.claim_id;header.incident_date;header.report_date;header.reported_by;incident_description.estimated_damage_amount;incident_description.incident_type;incident_description.location_type;incident_description.police_report_number;insured_objects[0].estimated_value;insured_objects[0].location_address;insured_objects[0].make_model;insured_objects[0].object_id;insured_objects[0].object_type;insured_objects[0].year;policy_details.coverage_type;policy_details.effective_date;policy_details.expiration_date;policy_details.policy_number;policy_details.policyholder_name,,3259
sola-json-sections,"StructuredOutputAdapter(output_mode=JSON, prompt_layout=SECTIONS)",insurance-claims-0023,validation_error,ValidationError,5.808072321999134,1,json_object,0,20,0.0,False,,header.channel;header.claim_id;header.incident_date;header.report_date;header.reported_by;incident_description.estimated_damage_amount;incident_description.incident_type;incident_description.location_type;incident_description.police_report_number;insured_objects[0].estimated_value;insured_objects[0].location_address;insured_objects[0].make_model;insured_objects[0].object_id;insured_objects[0].object_type;insured_objects[0].year;policy_details.coverage_type;policy_details.effective_date;policy_details.expiration_date;policy_details.policy_number;policy_details.policyholder_name,,2992
sola-json-sections,"StructuredOutputAdapter(output_mode=JSON, prompt_layout=SECTIONS)",insurance-claims-0024,validation_error,ValidationError,6.877561928000432,1,json_object,0,20,0.0,False,,header.channel;header.claim_id;header.incident_date;header.report_date;header.reported_by;incident_description.estimated_damage_amount;incident_description.incident_type;incident_description.location_type;incident_description.police_report_number;insured_objects[0].estimated_value;insured_objects[0].location_address;insured_objects[0].make_model;insured_objects[0].object_id;insured_objects[0].object_type;insured_objects[0].year;policy_details.coverage_type;policy_details.effective_date;policy_details.expiration_date;policy_details.policy_number;policy_details.policyholder_name,,3132
sola-json-sections,"StructuredOutputAdapter(output_mode=JSON, prompt_layout=SECTIONS)",insurance-claims-0025,parse_error,AdapterParseError,7.859342654999637,1,json_object,0,11,0.0,False,,header.channel;header.claim_id;header.incident_date;header.report_date;header.reported_by;incident_description.estimated_damage_amount;incident_description.incident_type;incident_description.location_type;incident_description.police_report_number;insured_objects;policy_details,,3275
sola-json-sections,"StructuredOutputAdapter(output_mode=JSON, prompt_layout=SECTIONS)",insurance-claims-0026,validation_error,ValidationError,5.173579230000541,1,json_object,0,20,0.0,False,,header.channel;header.claim_id;header.incident_date;header.report_date;header.reported_by;incident_description.estimated_damage_amount;incident_description.incident_type;incident_description.location_type;incident_description.police_report_number;insured_objects[0].estimated_value;insured_objects[0].location_address;insured_objects[0].make_model;insured_objects[0].object_id;insured_objects[0].object_type;insured_objects[0].year;policy_details.coverage_type;policy_details.effective_date;policy_details.expiration_date;policy_details.policy_number;policy_details.policyholder_name,,2892
sola-json-sections,"StructuredOutputAdapter(output_mode=JSON, prompt_layout=SECTIONS)",insurance-claims-0027,validation_error,ValidationError,3.8123452970012295,1,json_object,0,20,0.0,False,,header.channel;header.claim_id;header.incident_date;header.report_date;header.reported_by;incident_description.estimated_damage_amount;incident_description.incident_type;incident_description.location_type;incident_description.police_report_number;insured_objects[0].estimated_value;insured_objects[0].location_address;insured_objects[0].make_model;insured_objects[0].object_id;insured_objects[0].object_type;insured_objects[0].year;policy_details.coverage_type;policy_details.effective_date;policy_details.expiration_date;policy_details.policy_number;policy_details.policyholder_name,,2783
sola-json-sections,"StructuredOutputAdapter(output_mode=JSON, prompt_layout=SECTIONS)",insurance-claims-0028,validation_error,ValidationError,5.2922451669983275,1,json_object,0,20,0.0,False,,header.channel;header.claim_id;header.incident_date;header.report_date;header.reported_by;incident_description.estimated_damage_amount;incident_description.incident_type;incident_description.location_type;incident_description.police_report_number;insured_objects[0].estimated_value;insured_objects[0].location_address;insured_objects[0].make_model;insured_objects[0].object_id;insured_objects[0].object_type;insured_objects[0].year;policy_details.coverage_type;policy_details.effective_date;policy_details.expiration_date;policy_details.policy_number;policy_details.policyholder_name,,2895
sola-json-sections,"StructuredOutputAdapter(output_mode=JSON, prompt_layout=SECTIONS)",insurance-claims-0029,validation_error,ValidationError,5.4265983199984476,1,json_object,0,20,0.0,False,,header.channel;header.claim_id;header.incident_date;header.report_date;header.reported_by;incident_description.estimated_damage_amount;incident_description.incident_type;incident_description.location_type;incident_description.police_report_number;insured_objects[0].estimated_value;insured_objects[0].location_address;insured_objects[0].make_model;insured_objects[0].object_id;insured_objects[0].object_type;insured_objects[0].year;policy_details.coverage_type;policy_details.effective_date;policy_details.expiration_date;policy_details.policy_number;policy_details.policyholder_name,,2883
sola-jsonish-sections,"StructuredOutputAdapter(output_mode=JSONISH, prompt_layout=SECTIONS)",insurance-claims-0000,validation_error,ValidationError,4.246252639999511,1,json_object,0,20,0.0,False,,header.channel;header.claim_id;header.incident_date;header.report_date;header.reported_by;incident_description.estimated_damage_amount;incident_description.incident_type;incident_description.location_type;incident_description.police_report_number;insured_objects[0].estimated_value;insured_objects[0].location_address;insured_objects[0].make_model;insured_objects[0].object_id;insured_objects[0].object_type;insured_objects[0].year;policy_details.coverage_type;policy_details.effective_date;policy_details.expiration_date;policy_details.policy_number;policy_details.policyholder_name,,2203
sola-jsonish-sections,"StructuredOutputAdapter(output_mode=JSONISH, prompt_layout=SECTIONS)",insurance-claims-0001,validation_error,ValidationError,4.352364360000138,1,json_object,0,20,0.0,False,,header.channel;header.claim_id;header.incident_date;header.report_date;header.reported_by;incident_description.estimated_damage_amount;incident_description.incident_type;incident_description.location_type;incident_description.police_report_number;insured_objects[0].estimated_value;insured_objects[0].location_address;insured_objects[0].make_model;insured_objects[0].object_id;insured_objects[0].object_type;insured_objects[0].year;policy_details.coverage_type;policy_details.effective_date;policy_details.expiration_date;policy_details.policy_number;policy_details.policyholder_name,,1903
sola-jsonish-sections,"StructuredOutputAdapter(output_mode=JSONISH, prompt_layout=SECTIONS)",insurance-claims-0002,validation_error,ValidationError,5.604232992000107,1,json_object,0,11,0.0,False,,header.channel;header.claim_id;header.incident_date;header.report_date;header.reported_by;incident_description.estimated_damage_amount;incident_description.incident_type;incident_description.location_type;incident_description.police_report_number;insured_objects;policy_details,,2295
sola-jsonish-sections,"StructuredOutputAdapter(output_mode=JSONISH, prompt_layout=SECTIONS)",insurance-claims-0003,validation_error,ValidationError,6.444747838000694,1,json_object,0,26,0.0,False,,header.channel;header.claim_id;header.incident_date;header.report_date;header.reported_by;incident_description.estimated_damage_amount;incident_description.incident_type;incident_description.location_type;incident_description.police_report_number;insured_objects[0].estimated_value;insured_objects[0].location_address;insured_objects[0].make_model;insured_objects[0].object_id;insured_objects[0].object_type;insured_objects[0].year;insured_objects[1].estimated_value;insured_objects[1].location_address;insured_objects[1].make_model;insured_objects[1].object_id;insured_objects[1].object_type;insured_objects[1].year;policy_details.coverage_type;policy_details.effective_date;policy_details.expiration_date;policy_details.policy_number;policy_details.policyholder_name,,2267
sola-jsonish-sections,"StructuredOutputAdapter(output_mode=JSONISH, prompt_layout=SECTIONS)",insurance-claims-0004,validation_error,ValidationError,3.1230305359986232,1,json_object,0,20,0.0,False,,header.channel;header.claim_id;header.incident_date;header.report_date;header.reported_by;incident_description.estimated_damage_amount;incident_description.incident_type;incident_description.location_type;incident_description.police_report_number;insured_objects[0].estimated_value;insured_objects[0].location_address;insured_objects[0].make_model;insured_objects[0].object_id;insured_objects[0].object_type;insured_objects[0].year;policy_details.coverage_type;policy_details.effective_date;policy_details.expiration_date;policy_details.policy_number;policy_details.policyholder_name,,2149
sola-jsonish-sections,"StructuredOutputAdapter(output_mode=JSONISH, prompt_layout=SECTIONS)",insurance-claims-0005,validation_error,ValidationError,8.010649175001163,1,json_object,0,20,0.0,False,,header.channel;header.claim_id;header.incident_date;header.report_date;header.reported_by;incident_description.estimated_damage_amount;incident_description.incident_type;incident_description.location_type;incident_description.police_report_number;insured_objects[0].estimated_value;insured_objects[0].location_address;insured_objects[0].make_model;insured_objects[0].object_id;insured_objects[0].object_type;insured_objects[0].year;policy_details.coverage_type;policy_details.effective_date;policy_details.expiration_date;policy_details.policy_number;policy_details.policyholder_name,,2677
sola-jsonish-sections,"StructuredOutputAdapter(output_mode=JSONISH, prompt_layout=SECTIONS)",insurance-claims-0006,validation_error,ValidationError,7.866130178001185,1,json_object,0,20,0.0,False,,header.channel;header.claim_id;header.incident_date;header.report_date;header.reported_by;incident_description.estimated_damage_amount;incident_description.incident_type;incident_description.location_type;incident_description.police_report_number;insured_objects[0].estimated_value;insured_objects[0].location_address;insured_objects[0].make_model;insured_objects[0].object_id;insured_objects[0].object_type;insured_objects[0].year;policy_details.coverage_type;policy_details.effective_date;policy_details.expiration_date;policy_details.policy_number;policy_details.policyholder_name,,2715
sola-jsonish-sections,"StructuredOutputAdapter(output_mode=JSONISH, prompt_layout=SECTIONS)",insurance-claims-0007,validation_error,ValidationError,3.9319645049999963,1,json_object,0,20,0.0,False,,header.channel;header.claim_id;header.incident_date;header.report_date;header.reported_by;incident_description.estimated_damage_amount;incident_description.incident_type;incident_description.location_type;incident_description.police_report_number;insured_objects[0].estimated_value;insured_objects[0].location_address;insured_objects[0].make_model;insured_objects[0].object_id;insured_objects[0].object_type;insured_objects[0].year;policy_details.coverage_type;policy_details.effective_date;policy_details.expiration_date;policy_details.policy_number;policy_details.policyholder_name,,2204
sola-jsonish-sections,"StructuredOutputAdapter(output_mode=JSONISH, prompt_layout=SECTIONS)",insurance-claims-0008,validation_error,ValidationError,3.5397369769998477,1,json_object,0,11,0.0,False,,header.channel;header.claim_id;header.incident_date;header.report_date;header.reported_by;incident_description.estimated_damage_amount;incident_description.incident_type;incident_description.location_type;incident_description.police_report_number;insured_objects;policy_details,,2156
sola-jsonish-sections,"StructuredOutputAdapter(output_mode=JSONISH, prompt_layout=SECTIONS)",insurance-claims-0009,validation_error,ValidationError,4.025428827999349,1,json_object,0,20,0.0,False,,header.channel;header.claim_id;header.incident_date;header.report_date;header.reported_by;incident_description.estimated_damage_amount;incident_description.incident_type;incident_description.location_type;incident_description.police_report_number;insured_objects[0].estimated_value;insured_objects[0].location_address;insured_objects[0].make_model;insured_objects[0].object_id;insured_objects[0].object_type;insured_objects[0].year;policy_details.coverage_type;policy_details.effective_date;policy_details.expiration_date;policy_details.policy_number;policy_details.policyholder_name,,2230
sola-jsonish-sections,"StructuredOutputAdapter(output_mode=JSONISH, prompt_layout=SECTIONS)",insurance-claims-0010,validation_error,ValidationError,8.018331044999286,1,json_object,0,11,0.0,False,,header.channel;header.claim_id;header.incident_date;header.report_date;header.reported_by;incident_description.estimated_damage_amount;incident_description.incident_type;incident_description.location_type;incident_description.police_report_number;insured_objects;policy_details,,2588
sola-jsonish-sections,"StructuredOutputAdapter(output_mode=JSONISH, prompt_layout=SECTIONS)",insurance-claims-0011,validation_error,ValidationError,7.900638160001108,1,json_object,0,11,0.0,False,,header.channel;header.claim_id;header.incident_date;header.report_date;header.reported_by;incident_description.estimated_damage_amount;incident_description.incident_type;incident_description.location_type;incident_description.police_report_number;insured_objects;policy_details,,2542
sola-jsonish-sections,"StructuredOutputAdapter(output_mode=JSONISH, prompt_layout=SECTIONS)",insurance-claims-0012,validation_error,ValidationError,3.8451865049992193,1,json_object,0,20,0.0,False,,header.channel;header.claim_id;header.incident_date;header.report_date;header.reported_by;incident_description.estimated_damage_amount;incident_description.incident_type;incident_description.location_type;incident_description.police_report_number;insured_objects[0].estimated_value;insured_objects[0].location_address;insured_objects[0].make_model;insured_objects[0].object_id;insured_objects[0].object_type;insured_objects[0].year;policy_details.coverage_type;policy_details.effective_date;policy_details.expiration_date;policy_details.policy_number;policy_details.policyholder_name,,2202
sola-jsonish-sections,"StructuredOutputAdapter(output_mode=JSONISH, prompt_layout=SECTIONS)",insurance-claims-0013,validation_error,ValidationError,3.85122833099922,1,json_object,0,20,0.0,False,,header.channel;header.claim_id;header.incident_date;header.report_date;header.reported_by;incident_description.estimated_damage_amount;incident_description.incident_type;incident_description.location_type;incident_description.police_report_number;insured_objects[0].estimated_value;insured_objects[0].location_address;insured_objects[0].make_model;insured_objects[0].object_id;insured_objects[0].object_type;insured_objects[0].year;policy_details.coverage_type;policy_details.effective_date;policy_details.expiration_date;policy_details.policy_number;policy_details.policyholder_name,,2231
sola-jsonish-sections,"StructuredOutputAdapter(output_mode=JSONISH, prompt_layout=SECTIONS)",insurance-claims-0014,validation_error,ValidationError,4.154261061999932,1,json_object,0,20,0.0,False,,header.channel;header.claim_id;header.incident_date;header.report_date;header.reported_by;incident_description.estimated_damage_amount;incident_description.incident_type;incident_description.location_type;incident_description.police_report_number;insured_objects[0].estimated_value;insured_objects[0].location_address;insured_objects[0].make_model;insured_objects[0].object_id;insured_objects[0].object_type;insured_objects[0].year;policy_details.coverage_type;policy_details.effective_date;policy_details.expiration_date;policy_details.policy_number;policy_details.policyholder_name,,1806
sola-jsonish-sections,"StructuredOutputAdapter(output_mode=JSONISH, prompt_layout=SECTIONS)",insurance-claims-0015,validation_error,ValidationError,3.813798886998484,1,json_object,0,20,0.0,False,,header.channel;header.claim_id;header.incident_date;header.report_date;header.reported_by;incident_description.estimated_damage_amount;incident_description.incident_type;incident_description.location_type;incident_description.police_report_number;insured_objects[0].estimated_value;insured_objects[0].location_address;insured_objects[0].make_model;insured_objects[0].object_id;insured_objects[0].object_type;insured_objects[0].year;policy_details.coverage_type;policy_details.effective_date;policy_details.expiration_date;policy_details.policy_number;policy_details.policyholder_name,,2184
sola-jsonish-sections,"StructuredOutputAdapter(output_mode=JSONISH, prompt_layout=SECTIONS)",insurance-claims-0016,parse_error,AdapterParseError,7.195098655000038,1,json_object,0,20,0.0,False,,header.channel;header.claim_id;header.incident_date;header.report_date;header.reported_by;incident_description.estimated_damage_amount;incident_description.incident_type;incident_description.location_type;incident_description.police_report_number;insured_objects[0].estimated_value;insured_objects[0].location_address;insured_objects[0].make_model;insured_objects[0].object_id;insured_objects[0].object_type;insured_objects[0].year;policy_details.coverage_type;policy_details.effective_date;policy_details.expiration_date;policy_details.policy_number;policy_details.policyholder_name,,1759
sola-jsonish-sections,"StructuredOutputAdapter(output_mode=JSONISH, prompt_layout=SECTIONS)",insurance-claims-0017,validation_error,ValidationError,7.768464689999746,1,json_object,0,20,0.0,False,,header.channel;header.claim_id;header.incident_date;header.report_date;header.reported_by;incident_description.estimated_damage_amount;incident_description.incident_type;incident_description.location_type;incident_description.police_report_number;insured_objects[0].estimated_value;insured_objects[0].location_address;insured_objects[0].make_model;insured_objects[0].object_id;insured_objects[0].object_type;insured_objects[0].year;policy_details.coverage_type;policy_details.effective_date;policy_details.expiration_date;policy_details.policy_number;policy_details.policyholder_name,,2361
sola-jsonish-sections,"StructuredOutputAdapter(output_mode=JSONISH, prompt_layout=SECTIONS)",insurance-claims-0018,validation_error,ValidationError,4.020134381000389,1,json_object,0,20,0.0,False,,header.channel;header.claim_id;header.incident_date;header.report_date;header.reported_by;incident_description.estimated_damage_amount;incident_description.incident_type;incident_description.location_type;incident_description.police_report_number;insured_objects[0].estimated_value;insured_objects[0].location_address;insured_objects[0].make_model;insured_objects[0].object_id;insured_objects[0].object_type;insured_objects[0].year;policy_details.coverage_type;policy_details.effective_date;policy_details.expiration_date;policy_details.policy_number;policy_details.policyholder_name,,1876
sola-jsonish-sections,"StructuredOutputAdapter(output_mode=JSONISH, prompt_layout=SECTIONS)",insurance-claims-0019,ok,,4.3344466389989975,1,json_object,12,20,0.6,False,insured_objects[0].object_id;insured_objects[0].object_type;insured_objects[0].make_model;insured_objects[0].year;insured_objects[0].location_address;incident_description.location_type;incident_description.estimated_damage_amount;incident_description.police_report_number,,insured_objects[1].estimated_value;insured_objects[1].location_address;insured_objects[1].make_model;insured_objects[1].object_id;insured_objects[1].object_type;insured_objects[1].year,1896
sola-jsonish-sections,"StructuredOutputAdapter(output_mode=JSONISH, prompt_layout=SECTIONS)",insurance-claims-0020,validation_error,ValidationError,7.65426662200116,1,json_object,0,20,0.0,False,,header.channel;header.claim_id;header.incident_date;header.report_date;header.reported_by;incident_description.estimated_damage_amount;incident_description.incident_type;incident_description.location_type;incident_description.police_report_number;insured_objects[0].estimated_value;insured_objects[0].location_address;insured_objects[0].make_model;insured_objects[0].object_id;insured_objects[0].object_type;insured_objects[0].year;policy_details.coverage_type;policy_details.effective_date;policy_details.expiration_date;policy_details.policy_number;policy_details.policyholder_name,,2348
sola-jsonish-sections,"StructuredOutputAdapter(output_mode=JSONISH, prompt_layout=SECTIONS)",insurance-claims-0021,validation_error,ValidationError,7.860141442000895,1,json_object,0,26,0.0,False,,header.channel;header.claim_id;header.incident_date;header.report_date;header.reported_by;incident_description.estimated_damage_amount;incident_description.incident_type;incident_description.location_type;incident_description.police_report_number;insured_objects[0].estimated_value;insured_objects[0].location_address;insured_objects[0].make_model;insured_objects[0].object_id;insured_objects[0].object_type;insured_objects[0].year;insured_objects[1].estimated_value;insured_objects[1].location_address;insured_objects[1].make_model;insured_objects[1].object_id;insured_objects[1].object_type;insured_objects[1].year;policy_details.coverage_type;policy_details.effective_date;policy_details.expiration_date;policy_details.policy_number;policy_details.policyholder_name,,2391
sola-jsonish-sections,"StructuredOutputAdapter(output_mode=JSONISH, prompt_layout=SECTIONS)",insurance-claims-0022,validation_error,ValidationError,4.531725355998788,1,json_object,0,20,0.0,False,,header.channel;header.claim_id;header.incident_date;header.report_date;header.reported_by;incident_description.estimated_damage_amount;incident_description.incident_type;incident_description.location_type;incident_description.police_report_number;insured_objects[0].estimated_value;insured_objects[0].location_address;insured_objects[0].make_model;insured_objects[0].object_id;insured_objects[0].object_type;insured_objects[0].year;policy_details.coverage_type;policy_details.effective_date;policy_details.expiration_date;policy_details.policy_number;policy_details.policyholder_name,,1919
sola-jsonish-sections,"StructuredOutputAdapter(output_mode=JSONISH, prompt_layout=SECTIONS)",insurance-claims-0023,validation_error,ValidationError,4.386454538998805,1,json_object,0,20,0.0,False,,header.channel;header.claim_id;header.incident_date;header.report_date;header.reported_by;incident_description.estimated_damage_amount;incident_description.incident_type;incident_description.location_type;incident_description.police_report_number;insured_objects[0].estimated_value;insured_objects[0].location_address;insured_objects[0].make_model;insured_objects[0].object_id;insured_objects[0].object_type;insured_objects[0].year;policy_details.coverage_type;policy_details.effective_date;policy_details.expiration_date;policy_details.policy_number;policy_details.policyholder_name,,1897
sola-jsonish-sections,"StructuredOutputAdapter(output_mode=JSONISH, prompt_layout=SECTIONS)",insurance-claims-0024,validation_error,ValidationError,4.703177981000408,1,json_object,0,20,0.0,False,,header.channel;header.claim_id;header.incident_date;header.report_date;header.reported_by;incident_description.estimated_damage_amount;incident_description.incident_type;incident_description.location_type;incident_description.police_report_number;insured_objects[0].estimated_value;insured_objects[0].location_address;insured_objects[0].make_model;insured_objects[0].object_id;insured_objects[0].object_type;insured_objects[0].year;policy_details.coverage_type;policy_details.effective_date;policy_details.expiration_date;policy_details.policy_number;policy_details.policyholder_name,,1955
sola-jsonish-sections,"StructuredOutputAdapter(output_mode=JSONISH, prompt_layout=SECTIONS)",insurance-claims-0025,validation_error,ValidationError,4.746705923000263,1,json_object,0,11,0.0,False,,header.channel;header.claim_id;header.incident_date;header.report_date;header.reported_by;incident_description.estimated_damage_amount;incident_description.incident_type;incident_description.location_type;incident_description.police_report_number;insured_objects;policy_details,,1981
sola-jsonish-sections,"StructuredOutputAdapter(output_mode=JSONISH, prompt_layout=SECTIONS)",insurance-claims-0026,validation_error,ValidationError,7.766013930000554,1,json_object,0,20,0.0,False,,header.channel;header.claim_id;header.incident_date;header.report_date;header.reported_by;incident_description.estimated_damage_amount;incident_description.incident_type;incident_description.location_type;incident_description.police_report_number;insured_objects[0].estimated_value;insured_objects[0].location_address;insured_objects[0].make_model;insured_objects[0].object_id;insured_objects[0].object_type;insured_objects[0].year;policy_details.coverage_type;policy_details.effective_date;policy_details.expiration_date;policy_details.policy_number;policy_details.policyholder_name,,2241
sola-jsonish-sections,"StructuredOutputAdapter(output_mode=JSONISH, prompt_layout=SECTIONS)",insurance-claims-0027,parse_error,AdapterParseError,7.9955019210010505,1,json_object,0,20,0.0,False,,header.channel;header.claim_id;header.incident_date;header.report_date;header.reported_by;incident_description.estimated_damage_amount;incident_description.incident_type;incident_description.location_type;incident_description.police_report_number;insured_objects[0].estimated_value;insured_objects[0].location_address;insured_objects[0].make_model;insured_objects[0].object_id;insured_objects[0].object_type;insured_objects[0].year;policy_details.coverage_type;policy_details.effective_date;policy_details.expiration_date;policy_details.policy_number;policy_details.policyholder_name,,2291
sola-jsonish-sections,"StructuredOutputAdapter(output_mode=JSONISH, prompt_layout=SECTIONS)",insurance-claims-0028,validation_error,ValidationError,4.412288769999577,1,json_object,0,20,0.0,False,,header.channel;header.claim_id;header.incident_date;header.report_date;header.reported_by;incident_description.estimated_damage_amount;incident_description.incident_type;incident_description.location_type;incident_description.police_report_number;insured_objects[0].estimated_value;insured_objects[0].location_address;insured_objects[0].make_model;insured_objects[0].object_id;insured_objects[0].object_type;insured_objects[0].year;policy_details.coverage_type;policy_details.effective_date;policy_details.expiration_date;policy_details.policy_number;policy_details.policyholder_name,,1837
sola-jsonish-sections,"StructuredOutputAdapter(output_mode=JSONISH, prompt_layout=SECTIONS)",insurance-claims-0029,validation_error,ValidationError,4.88328390100105,1,json_object,0,20,0.0,False,,header.channel;header.claim_id;header.incident_date;header.report_date;header.reported_by;incident_description.estimated_damage_amount;incident_description.incident_type;incident_description.location_type;incident_description.police_report_number;insured_objects[0].estimated_value;insured_objects[0].location_address;insured_objects[0].make_model;insured_objects[0].object_id;insured_objects[0].object_type;insured_objects[0].year;policy_details.coverage_type;policy_details.effective_date;policy_details.expiration_date;policy_details.policy_number;policy_details.policyholder_name,,1902
sola-yaml-sections,"StructuredOutputAdapter(output_mode=YAML, prompt_layout=SECTIONS)",insurance-claims-0000,validation_error,ValidationError,4.6890357150005,1,none,0,20,0.0,False,,header.channel;header.claim_id;header.incident_date;header.report_date;header.reported_by;incident_description.estimated_damage_amount;incident_description.incident_type;incident_description.location_type;incident_description.police_report_number;insured_objects[0].estimated_value;insured_objects[0].location_address;insured_objects[0].make_model;insured_objects[0].object_id;insured_objects[0].object_type;insured_objects[0].year;policy_details.coverage_type;policy_details.effective_date;policy_details.expiration_date;policy_details.policy_number;policy_details.policyholder_name,,2268
sola-yaml-sections,"StructuredOutputAdapter(output_mode=YAML, prompt_layout=SECTIONS)",insurance-claims-0001,validation_error,ValidationError,3.0978579239999817,1,none,0,20,0.0,False,,header.channel;header.claim_id;header.incident_date;header.report_date;header.reported_by;incident_description.estimated_damage_amount;incident_description.incident_type;incident_description.location_type;incident_description.police_report_number;insured_objects[0].estimated_value;insured_objects[0].location_address;insured_objects[0].make_model;insured_objects[0].object_id;insured_objects[0].object_type;insured_objects[0].year;policy_details.coverage_type;policy_details.effective_date;policy_details.expiration_date;policy_details.policy_number;policy_details.policyholder_name,,1758
sola-yaml-sections,"StructuredOutputAdapter(output_mode=YAML, prompt_layout=SECTIONS)",insurance-claims-0002,parse_error,AdapterParseError,7.803832681000131,1,none,0,11,0.0,False,,header.channel;header.claim_id;header.incident_date;header.report_date;header.reported_by;incident_description.estimated_damage_amount;incident_description.incident_type;incident_description.location_type;incident_description.police_report_number;insured_objects;policy_details,,2549
sola-yaml-sections,"StructuredOutputAdapter(output_mode=YAML, prompt_layout=SECTIONS)",insurance-claims-0003,validation_error,ValidationError,4.537313455999538,1,none,0,26,0.0,False,,header.channel;header.claim_id;header.incident_date;header.report_date;header.reported_by;incident_description.estimated_damage_amount;incident_description.incident_type;incident_description.location_type;incident_description.police_report_number;insured_objects[0].estimated_value;insured_objects[0].location_address;insured_objects[0].make_model;insured_objects[0].object_id;insured_objects[0].object_type;insured_objects[0].year;insured_objects[1].estimated_value;insured_objects[1].location_address;insured_objects[1].make_model;insured_objects[1].object_id;insured_objects[1].object_type;insured_objects[1].year;policy_details.coverage_type;policy_details.effective_date;policy_details.expiration_date;policy_details.policy_number;policy_details.policyholder_name,,2033
sola-yaml-sections,"StructuredOutputAdapter(output_mode=YAML, prompt_layout=SECTIONS)",insurance-claims-0004,validation_error,ValidationError,2.8834328499997355,1,none,0,20,0.0,False,,header.channel;header.claim_id;header.incident_date;header.report_date;header.reported_by;incident_description.estimated_damage_amount;incident_description.incident_type;incident_description.location_type;incident_description.police_report_number;insured_objects[0].estimated_value;insured_objects[0].location_address;insured_objects[0].make_model;insured_objects[0].object_id;insured_objects[0].object_type;insured_objects[0].year;policy_details.coverage_type;policy_details.effective_date;policy_details.expiration_date;policy_details.policy_number;policy_details.policyholder_name,,2125
sola-yaml-sections,"StructuredOutputAdapter(output_mode=YAML, prompt_layout=SECTIONS)",insurance-claims-0005,validation_error,ValidationError,2.8300792549998732,1,none,0,20,0.0,False,,header.channel;header.claim_id;header.incident_date;header.report_date;header.reported_by;incident_description.estimated_damage_amount;incident_description.incident_type;incident_description.location_type;incident_description.police_report_number;insured_objects[0].estimated_value;insured_objects[0].location_address;insured_objects[0].make_model;insured_objects[0].object_id;insured_objects[0].object_type;insured_objects[0].year;policy_details.coverage_type;policy_details.effective_date;policy_details.expiration_date;policy_details.policy_number;policy_details.policyholder_name,,2097
sola-yaml-sections,"StructuredOutputAdapter(output_mode=YAML, prompt_layout=SECTIONS)",insurance-claims-0006,parse_error,AdapterParseError,7.766140312000061,1,none,0,20,0.0,False,,header.channel;header.claim_id;header.incident_date;header.report_date;header.reported_by;incident_description.estimated_damage_amount;incident_description.incident_type;incident_description.location_type;incident_description.police_report_number;insured_objects[0].estimated_value;insured_objects[0].location_address;insured_objects[0].make_model;insured_objects[0].object_id;insured_objects[0].object_type;insured_objects[0].year;policy_details.coverage_type;policy_details.effective_date;policy_details.expiration_date;policy_details.policy_number;policy_details.policyholder_name,,2709
sola-yaml-sections,"StructuredOutputAdapter(output_mode=YAML, prompt_layout=SECTIONS)",insurance-claims-0007,validation_error,ValidationError,3.181436796001435,1,none,0,20,0.0,False,,header.channel;header.claim_id;header.incident_date;header.report_date;header.reported_by;incident_description.estimated_damage_amount;incident_description.incident_type;incident_description.location_type;incident_description.police_report_number;insured_objects[0].estimated_value;insured_objects[0].location_address;insured_objects[0].make_model;insured_objects[0].object_id;insured_objects[0].object_type;insured_objects[0].year;policy_details.coverage_type;policy_details.effective_date;policy_details.expiration_date;policy_details.policy_number;policy_details.policyholder_name,,2112
sola-yaml-sections,"StructuredOutputAdapter(output_mode=YAML, prompt_layout=SECTIONS)",insurance-claims-0008,validation_error,ValidationError,7.303353657000116,1,none,0,11,0.0,False,,header.channel;header.claim_id;header.incident_date;header.report_date;header.reported_by;incident_description.estimated_damage_amount;incident_description.incident_type;incident_description.location_type;incident_description.police_report_number;insured_objects;policy_details,,2612
sola-yaml-sections,"StructuredOutputAdapter(output_mode=YAML, prompt_layout=SECTIONS)",insurance-claims-0009,parse_error,AdapterParseError,1.6639823129989963,1,none,0,20,0.0,False,,header.channel;header.claim_id;header.incident_date;header.report_date;header.reported_by;incident_description.estimated_damage_amount;incident_description.incident_type;incident_description.location_type;incident_description.police_report_number;insured_objects[0].estimated_value;insured_objects[0].location_address;insured_objects[0].make_model;insured_objects[0].object_id;insured_objects[0].object_type;insured_objects[0].year;policy_details.coverage_type;policy_details.effective_date;policy_details.expiration_date;policy_details.policy_number;policy_details.policyholder_name,,1952
sola-yaml-sections,"StructuredOutputAdapter(output_mode=YAML, prompt_layout=SECTIONS)",insurance-claims-0010,parse_error,AdapterParseError,7.724899265000204,1,none,0,11,0.0,False,,header.channel;header.claim_id;header.incident_date;header.report_date;header.reported_by;incident_description.estimated_damage_amount;incident_description.incident_type;incident_description.location_type;incident_description.police_report_number;insured_objects;policy_details,,2582
sola-yaml-sections,"StructuredOutputAdapter(output_mode=YAML, prompt_layout=SECTIONS)",insurance-claims-0011,parse_error,AdapterParseError,7.839204559000791,1,none,0,11,0.0,False,,header.channel;header.claim_id;header.incident_date;header.report_date;header.reported_by;incident_description.estimated_damage_amount;incident_description.incident_type;incident_description.location_type;incident_description.police_report_number;insured_objects;policy_details,,2536
sola-yaml-sections,"StructuredOutputAdapter(output_mode=YAML, prompt_layout=SECTIONS)",insurance-claims-0012,parse_error,AdapterParseError,3.1707873350005684,1,none,0,20,0.0,False,,header.channel;header.claim_id;header.incident_date;header.report_date;header.reported_by;incident_description.estimated_damage_amount;incident_description.incident_type;incident_description.location_type;incident_description.police_report_number;insured_objects[0].estimated_value;insured_objects[0].location_address;insured_objects[0].make_model;insured_objects[0].object_id;insured_objects[0].object_type;insured_objects[0].year;policy_details.coverage_type;policy_details.effective_date;policy_details.expiration_date;policy_details.policy_number;policy_details.policyholder_name,,2132
sola-yaml-sections,"StructuredOutputAdapter(output_mode=YAML, prompt_layout=SECTIONS)",insurance-claims-0013,validation_error,ValidationError,7.836077206000482,1,none,0,20,0.0,False,,header.channel;header.claim_id;header.incident_date;header.report_date;header.reported_by;incident_description.estimated_damage_amount;incident_description.incident_type;incident_description.location_type;incident_description.police_report_number;insured_objects[0].estimated_value;insured_objects[0].location_address;insured_objects[0].make_model;insured_objects[0].object_id;insured_objects[0].object_type;insured_objects[0].year;policy_details.coverage_type;policy_details.effective_date;policy_details.expiration_date;policy_details.policy_number;policy_details.policyholder_name,,2682
sola-yaml-sections,"StructuredOutputAdapter(output_mode=YAML, prompt_layout=SECTIONS)",insurance-claims-0014,validation_error,ValidationError,3.625513520999448,1,none,0,20,0.0,False,,header.channel;header.claim_id;header.incident_date;header.report_date;header.reported_by;incident_description.estimated_damage_amount;incident_description.incident_type;incident_description.location_type;incident_description.police_report_number;insured_objects[0].estimated_value;insured_objects[0].location_address;insured_objects[0].make_model;insured_objects[0].object_id;insured_objects[0].object_type;insured_objects[0].year;policy_details.coverage_type;policy_details.effective_date;policy_details.expiration_date;policy_details.policy_number;policy_details.policyholder_name,,1738
sola-yaml-sections,"StructuredOutputAdapter(output_mode=YAML, prompt_layout=SECTIONS)",insurance-claims-0015,validation_error,ValidationError,7.727412229000038,1,none,0,20,0.0,False,,header.channel;header.claim_id;header.incident_date;header.report_date;header.reported_by;incident_description.estimated_damage_amount;incident_description.incident_type;incident_description.location_type;incident_description.police_report_number;insured_objects[0].estimated_value;insured_objects[0].location_address;insured_objects[0].make_model;insured_objects[0].object_id;insured_objects[0].object_type;insured_objects[0].year;policy_details.coverage_type;policy_details.effective_date;policy_details.expiration_date;policy_details.policy_number;policy_details.policyholder_name,,2631
sola-yaml-sections,"StructuredOutputAdapter(output_mode=YAML, prompt_layout=SECTIONS)",insurance-claims-0016,validation_error,ValidationError,3.9845716029994946,1,none,0,20,0.0,False,,header.channel;header.claim_id;header.incident_date;header.report_date;header.reported_by;incident_description.estimated_damage_amount;incident_description.incident_type;incident_description.location_type;incident_description.police_report_number;insured_objects[0].estimated_value;insured_objects[0].location_address;insured_objects[0].make_model;insured_objects[0].object_id;insured_objects[0].object_type;insured_objects[0].year;policy_details.coverage_type;policy_details.effective_date;policy_details.expiration_date;policy_details.policy_number;policy_details.policyholder_name,,1950
sola-yaml-sections,"StructuredOutputAdapter(output_mode=YAML, prompt_layout=SECTIONS)",insurance-claims-0017,validation_error,ValidationError,3.7640500699999393,1,none,0,20,0.0,False,,header.channel;header.claim_id;header.incident_date;header.report_date;header.reported_by;incident_description.estimated_damage_amount;incident_description.incident_type;incident_description.location_type;incident_description.police_report_number;insured_objects[0].estimated_value;insured_objects[0].location_address;insured_objects[0].make_model;insured_objects[0].object_id;insured_objects[0].object_type;insured_objects[0].year;policy_details.coverage_type;policy_details.effective_date;policy_details.expiration_date;policy_details.policy_number;policy_details.policyholder_name,,1901
sola-yaml-sections,"StructuredOutputAdapter(output_mode=YAML, prompt_layout=SECTIONS)",insurance-claims-0018,validation_error,ValidationError,4.656159707999905,1,none,0,20,0.0,False,,header.channel;header.claim_id;header.incident_date;header.report_date;header.reported_by;incident_description.estimated_damage_amount;incident_description.incident_type;incident_description.location_type;incident_description.police_report_number;insured_objects[0].estimated_value;insured_objects[0].location_address;insured_objects[0].make_model;insured_objects[0].object_id;insured_objects[0].object_type;insured_objects[0].year;policy_details.coverage_type;policy_details.effective_date;policy_details.expiration_date;policy_details.policy_number;policy_details.policyholder_name,,1960
sola-yaml-sections,"StructuredOutputAdapter(output_mode=YAML, prompt_layout=SECTIONS)",insurance-claims-0019,validation_error,ValidationError,4.283341753000059,1,none,0,20,0.0,False,,header.channel;header.claim_id;header.incident_date;header.report_date;header.reported_by;incident_description.estimated_damage_amount;incident_description.incident_type;incident_description.location_type;incident_description.police_report_number;insured_objects[0].estimated_value;insured_objects[0].location_address;insured_objects[0].make_model;insured_objects[0].object_id;insured_objects[0].object_type;insured_objects[0].year;policy_details.coverage_type;policy_details.effective_date;policy_details.expiration_date;policy_details.policy_number;policy_details.policyholder_name,,1874
sola-yaml-sections,"StructuredOutputAdapter(output_mode=YAML, prompt_layout=SECTIONS)",insurance-claims-0020,validation_error,ValidationError,7.6592842980007845,1,none,0,20,0.0,False,,header.channel;header.claim_id;header.incident_date;header.report_date;header.reported_by;incident_description.estimated_damage_amount;incident_description.incident_type;incident_description.location_type;incident_description.police_report_number;insured_objects[0].estimated_value;insured_objects[0].location_address;insured_objects[0].make_model;insured_objects[0].object_id;insured_objects[0].object_type;insured_objects[0].year;policy_details.coverage_type;policy_details.effective_date;policy_details.expiration_date;policy_details.policy_number;policy_details.policyholder_name,,2342
sola-yaml-sections,"StructuredOutputAdapter(output_mode=YAML, prompt_layout=SECTIONS)",insurance-claims-0021,validation_error,ValidationError,7.817220315000668,1,none,0,26,0.0,False,,header.channel;header.claim_id;header.incident_date;header.report_date;header.reported_by;incident_description.estimated_damage_amount;incident_description.incident_type;incident_description.location_type;incident_description.police_report_number;insured_objects[0].estimated_value;insured_objects[0].location_address;insured_objects[0].make_model;insured_objects[0].object_id;insured_objects[0].object_type;insured_objects[0].year;insured_objects[1].estimated_value;insured_objects[1].location_address;insured_objects[1].make_model;insured_objects[1].object_id;insured_objects[1].object_type;insured_objects[1].year;policy_details.coverage_type;policy_details.effective_date;policy_details.expiration_date;policy_details.policy_number;policy_details.policyholder_name,,2385
sola-yaml-sections,"StructuredOutputAdapter(output_mode=YAML, prompt_layout=SECTIONS)",insurance-claims-0022,validation_error,ValidationError,7.769844109001497,1,none,0,20,0.0,False,,header.channel;header.claim_id;header.incident_date;header.report_date;header.reported_by;incident_description.estimated_damage_amount;incident_description.incident_type;incident_description.location_type;incident_description.police_report_number;insured_objects[0].estimated_value;insured_objects[0].location_address;insured_objects[0].make_model;insured_objects[0].object_id;insured_objects[0].object_type;insured_objects[0].year;policy_details.coverage_type;policy_details.effective_date;policy_details.expiration_date;policy_details.policy_number;policy_details.policyholder_name,,2301
sola-yaml-sections,"StructuredOutputAdapter(output_mode=YAML, prompt_layout=SECTIONS)",insurance-claims-0023,parse_error,AdapterParseError,7.691396071000781,1,none,0,20,0.0,False,,header.channel;header.claim_id;header.incident_date;header.report_date;header.reported_by;incident_description.estimated_damage_amount;incident_description.incident_type;incident_description.location_type;incident_description.police_report_number;insured_objects[0].estimated_value;insured_objects[0].location_address;insured_objects[0].make_model;insured_objects[0].object_id;insured_objects[0].object_type;insured_objects[0].year;policy_details.coverage_type;policy_details.effective_date;policy_details.expiration_date;policy_details.policy_number;policy_details.policyholder_name,,2272
sola-yaml-sections,"StructuredOutputAdapter(output_mode=YAML, prompt_layout=SECTIONS)",insurance-claims-0024,validation_error,ValidationError,7.8225768899992545,1,none,0,20,0.0,False,,header.channel;header.claim_id;header.incident_date;header.report_date;header.reported_by;incident_description.estimated_damage_amount;incident_description.incident_type;incident_description.location_type;incident_description.police_report_number;insured_objects[0].estimated_value;insured_objects[0].location_address;insured_objects[0].make_model;insured_objects[0].object_id;insured_objects[0].object_type;insured_objects[0].year;policy_details.coverage_type;policy_details.effective_date;policy_details.expiration_date;policy_details.policy_number;policy_details.policyholder_name,,2298
sola-yaml-sections,"StructuredOutputAdapter(output_mode=YAML, prompt_layout=SECTIONS)",insurance-claims-0025,parse_error,AdapterParseError,7.788290333999612,1,none,0,11,0.0,False,,header.channel;header.claim_id;header.incident_date;header.report_date;header.reported_by;incident_description.estimated_damage_amount;incident_description.incident_type;incident_description.location_type;incident_description.police_report_number;insured_objects;policy_details,,2317
sola-yaml-sections,"StructuredOutputAdapter(output_mode=YAML, prompt_layout=SECTIONS)",insurance-claims-0026,validation_error,ValidationError,3.6990504409986897,1,none,0,20,0.0,False,,header.channel;header.claim_id;header.incident_date;header.report_date;header.reported_by;incident_description.estimated_damage_amount;incident_description.incident_type;incident_description.location_type;incident_description.police_report_number;insured_objects[0].estimated_value;insured_objects[0].location_address;insured_objects[0].make_model;insured_objects[0].object_id;insured_objects[0].object_type;insured_objects[0].year;policy_details.coverage_type;policy_details.effective_date;policy_details.expiration_date;policy_details.policy_number;policy_details.policyholder_name,,1759
sola-yaml-sections,"StructuredOutputAdapter(output_mode=YAML, prompt_layout=SECTIONS)",insurance-claims-0027,validation_error,ValidationError,7.583391399000902,1,none,0,20,0.0,False,,header.channel;header.claim_id;header.incident_date;header.report_date;header.reported_by;incident_description.estimated_damage_amount;incident_description.incident_type;incident_description.location_type;incident_description.police_report_number;insured_objects[0].estimated_value;insured_objects[0].location_address;insured_objects[0].make_model;insured_objects[0].object_id;insured_objects[0].object_type;insured_objects[0].year;policy_details.coverage_type;policy_details.effective_date;policy_details.expiration_date;policy_details.policy_number;policy_details.policyholder_name,,2285
sola-yaml-sections,"StructuredOutputAdapter(output_mode=YAML, prompt_layout=SECTIONS)",insurance-claims-0028,validation_error,ValidationError,3.9520520950009086,1,none,0,20,0.0,False,,header.channel;header.claim_id;header.incident_date;header.report_date;header.reported_by;incident_description.estimated_damage_amount;incident_description.incident_type;incident_description.location_type;incident_description.police_report_number;insured_objects[0].estimated_value;insured_objects[0].location_address;insured_objects[0].make_model;insured_objects[0].object_id;insured_objects[0].object_type;insured_objects[0].year;policy_details.coverage_type;policy_details.effective_date;policy_details.expiration_date;policy_details.policy_number;policy_details.policyholder_name,,1778
sola-yaml-sections,"StructuredOutputAdapter(output_mode=YAML, prompt_layout=SECTIONS)",insurance-claims-0029,validation_error,ValidationError,7.568111017999399,1,none,0,20,0.0,False,,header.channel;header.claim_id;header.incident_date;header.report_date;header.reported_by;incident_description.estimated_damage_amount;incident_description.incident_type;incident_description.location_type;incident_description.police_report_number;insured_objects[0].estimated_value;insured_objects[0].location_address;insured_objects[0].make_model;insured_objects[0].object_id;insured_objects[0].object_type;insured_objects[0].year;policy_details.coverage_type;policy_details.effective_date;policy_details.expiration_date;policy_details.policy_number;policy_details.policyholder_name,,2220
sola-jsonish-rescue,"StructuredOutputAdapter(output_mode=JSONISH, prompt_layout=SECTIONS, parse_config=ParseConfig())",insurance-claims-0000,validation_error,ValidationError,4.0857073579991265,1,json_object,0,20,0.0,False,,header.channel;header.claim_id;header.incident_date;header.report_date;header.reported_by;incident_description.estimated_damage_amount;incident_description.incident_type;incident_description.location_type;incident_description.police_report_number;insured_objects[0].estimated_value;insured_objects[0].location_address;insured_objects[0].make_model;insured_objects[0].object_id;insured_objects[0].object_type;insured_objects[0].year;policy_details.coverage_type;policy_details.effective_date;policy_details.expiration_date;policy_details.policy_number;policy_details.policyholder_name,,2205
sola-jsonish-rescue,"StructuredOutputAdapter(output_mode=JSONISH, prompt_layout=SECTIONS, parse_config=ParseConfig())",insurance-claims-0001,validation_error,ValidationError,4.322973705999175,1,json_object,0,20,0.0,False,,header.channel;header.claim_id;header.incident_date;header.report_date;header.reported_by;incident_description.estimated_damage_amount;incident_description.incident_type;incident_description.location_type;incident_description.police_report_number;insured_objects[0].estimated_value;insured_objects[0].location_address;insured_objects[0].make_model;insured_objects[0].object_id;insured_objects[0].object_type;insured_objects[0].year;policy_details.coverage_type;policy_details.effective_date;policy_details.expiration_date;policy_details.policy_number;policy_details.policyholder_name,,1903
sola-jsonish-rescue,"StructuredOutputAdapter(output_mode=JSONISH, prompt_layout=SECTIONS, parse_config=ParseConfig())",insurance-claims-0002,validation_error,ValidationError,5.49931751800068,1,json_object,0,11,0.0,False,,header.channel;header.claim_id;header.incident_date;header.report_date;header.reported_by;incident_description.estimated_damage_amount;incident_description.incident_type;incident_description.location_type;incident_description.police_report_number;insured_objects;policy_details,,2295
sola-jsonish-rescue,"StructuredOutputAdapter(output_mode=JSONISH, prompt_layout=SECTIONS, parse_config=ParseConfig())",insurance-claims-0003,validation_error,ValidationError,6.307050700999753,1,json_object,0,26,0.0,False,,header.channel;header.claim_id;header.incident_date;header.report_date;header.reported_by;incident_description.estimated_damage_amount;incident_description.incident_type;incident_description.location_type;incident_description.police_report_number;insured_objects[0].estimated_value;insured_objects[0].location_address;insured_objects[0].make_model;insured_objects[0].object_id;insured_objects[0].object_type;insured_objects[0].year;insured_objects[1].estimated_value;insured_objects[1].location_address;insured_objects[1].make_model;insured_objects[1].object_id;insured_objects[1].object_type;insured_objects[1].year;policy_details.coverage_type;policy_details.effective_date;policy_details.expiration_date;policy_details.policy_number;policy_details.policyholder_name,,2267
sola-jsonish-rescue,"StructuredOutputAdapter(output_mode=JSONISH, prompt_layout=SECTIONS, parse_config=ParseConfig())",insurance-claims-0004,validation_error,ValidationError,3.214335499000299,1,json_object,0,20,0.0,False,,header.channel;header.claim_id;header.incident_date;header.report_date;header.reported_by;incident_description.estimated_damage_amount;incident_description.incident_type;incident_description.location_type;incident_description.police_report_number;insured_objects[0].estimated_value;insured_objects[0].location_address;insured_objects[0].make_model;insured_objects[0].object_id;insured_objects[0].object_type;insured_objects[0].year;policy_details.coverage_type;policy_details.effective_date;policy_details.expiration_date;policy_details.policy_number;policy_details.policyholder_name,,2151
sola-jsonish-rescue,"StructuredOutputAdapter(output_mode=JSONISH, prompt_layout=SECTIONS, parse_config=ParseConfig())",insurance-claims-0005,parse_error,AdapterParseError,4.665111597001669,1,json_object,0,20,0.0,False,,header.channel;header.claim_id;header.incident_date;header.report_date;header.reported_by;incident_description.estimated_damage_amount;incident_description.incident_type;incident_description.location_type;incident_description.police_report_number;insured_objects[0].estimated_value;insured_objects[0].location_address;insured_objects[0].make_model;insured_objects[0].object_id;insured_objects[0].object_type;insured_objects[0].year;policy_details.coverage_type;policy_details.effective_date;policy_details.expiration_date;policy_details.policy_number;policy_details.policyholder_name,,1803
sola-jsonish-rescue,"StructuredOutputAdapter(output_mode=JSONISH, prompt_layout=SECTIONS, parse_config=ParseConfig())",insurance-claims-0006,validation_error,ValidationError,7.888412877999144,1,json_object,0,20,0.0,False,,header.channel;header.claim_id;header.incident_date;header.report_date;header.reported_by;incident_description.estimated_damage_amount;incident_description.incident_type;incident_description.location_type;incident_description.police_report_number;insured_objects[0].estimated_value;insured_objects[0].location_address;insured_objects[0].make_model;insured_objects[0].object_id;insured_objects[0].object_type;insured_objects[0].year;policy_details.coverage_type;policy_details.effective_date;policy_details.expiration_date;policy_details.policy_number;policy_details.policyholder_name,,2715
sola-jsonish-rescue,"StructuredOutputAdapter(output_mode=JSONISH, prompt_layout=SECTIONS, parse_config=ParseConfig())",insurance-claims-0007,validation_error,ValidationError,3.9089901499992266,1,json_object,0,20,0.0,False,,header.channel;header.claim_id;header.incident_date;header.report_date;header.reported_by;incident_description.estimated_damage_amount;incident_description.incident_type;incident_description.location_type;incident_description.police_report_number;insured_objects[0].estimated_value;insured_objects[0].location_address;insured_objects[0].make_model;insured_objects[0].object_id;insured_objects[0].object_type;insured_objects[0].year;policy_details.coverage_type;policy_details.effective_date;policy_details.expiration_date;policy_details.policy_number;policy_details.policyholder_name,,2204
sola-jsonish-rescue,"StructuredOutputAdapter(output_mode=JSONISH, prompt_layout=SECTIONS, parse_config=ParseConfig())",insurance-claims-0008,validation_error,ValidationError,3.497242871999333,1,json_object,0,11,0.0,False,,header.channel;header.claim_id;header.incident_date;header.report_date;header.reported_by;incident_description.estimated_damage_amount;incident_description.incident_type;incident_description.location_type;incident_description.police_report_number;insured_objects;policy_details,,2156
sola-jsonish-rescue,"StructuredOutputAdapter(output_mode=JSONISH, prompt_layout=SECTIONS, parse_config=ParseConfig())",insurance-claims-0009,validation_error,ValidationError,3.9505051790001744,1,json_object,0,20,0.0,False,,header.channel;header.claim_id;header.incident_date;header.report_date;header.reported_by;incident_description.estimated_damage_amount;incident_description.incident_type;incident_description.location_type;incident_description.police_report_number;insured_objects[0].estimated_value;insured_objects[0].location_address;insured_objects[0].make_model;insured_objects[0].object_id;insured_objects[0].object_type;insured_objects[0].year;policy_details.coverage_type;policy_details.effective_date;policy_details.expiration_date;policy_details.policy_number;policy_details.policyholder_name,,2238
sola-jsonish-rescue,"StructuredOutputAdapter(output_mode=JSONISH, prompt_layout=SECTIONS, parse_config=ParseConfig())",insurance-claims-0010,validation_error,ValidationError,8.068405967998842,1,json_object,0,11,0.0,False,,header.channel;header.claim_id;header.incident_date;header.report_date;header.reported_by;incident_description.estimated_damage_amount;incident_description.incident_type;incident_description.location_type;incident_description.police_report_number;insured_objects;policy_details,,2588
sola-jsonish-rescue,"StructuredOutputAdapter(output_mode=JSONISH, prompt_layout=SECTIONS, parse_config=ParseConfig())",insurance-claims-0011,validation_error,ValidationError,8.098218047000046,1,json_object,0,11,0.0,False,,header.channel;header.claim_id;header.incident_date;header.report_date;header.reported_by;incident_description.estimated_damage_amount;incident_description.incident_type;incident_description.location_type;incident_description.police_report_number;insured_objects;policy_details,,2542
sola-jsonish-rescue,"StructuredOutputAdapter(output_mode=JSONISH, prompt_layout=SECTIONS, parse_config=ParseConfig())",insurance-claims-0012,validation_error,ValidationError,4.478508645999682,1,json_object,0,20,0.0,False,,header.channel;header.claim_id;header.incident_date;header.report_date;header.reported_by;incident_description.estimated_damage_amount;incident_description.incident_type;incident_description.location_type;incident_description.police_report_number;insured_objects[0].estimated_value;insured_objects[0].location_address;insured_objects[0].make_model;insured_objects[0].object_id;insured_objects[0].object_type;insured_objects[0].year;policy_details.coverage_type;policy_details.effective_date;policy_details.expiration_date;policy_details.policy_number;policy_details.policyholder_name,,2270
sola-jsonish-rescue,"StructuredOutputAdapter(output_mode=JSONISH, prompt_layout=SECTIONS, parse_config=ParseConfig())",insurance-claims-0013,validation_error,ValidationError,3.9657863160009583,1,json_object,0,20,0.0,False,,header.channel;header.claim_id;header.incident_date;header.report_date;header.reported_by;incident_description.estimated_damage_amount;incident_description.incident_type;incident_description.location_type;incident_description.police_report_number;insured_objects[0].estimated_value;insured_objects[0].location_address;insured_objects[0].make_model;insured_objects[0].object_id;insured_objects[0].object_type;insured_objects[0].year;policy_details.coverage_type;policy_details.effective_date;policy_details.expiration_date;policy_details.policy_number;policy_details.policyholder_name,,2231
sola-jsonish-rescue,"StructuredOutputAdapter(output_mode=JSONISH, prompt_layout=SECTIONS, parse_config=ParseConfig())",insurance-claims-0014,validation_error,ValidationError,4.065683632999935,1,json_object,0,20,0.0,False,,header.channel;header.claim_id;header.incident_date;header.report_date;header.reported_by;incident_description.estimated_damage_amount;incident_description.incident_type;incident_description.location_type;incident_description.police_report_number;insured_objects[0].estimated_value;insured_objects[0].location_address;insured_objects[0].make_model;insured_objects[0].object_id;insured_objects[0].object_type;insured_objects[0].year;policy_details.coverage_type;policy_details.effective_date;policy_details.expiration_date;policy_details.policy_number;policy_details.policyholder_name,,1806
sola-jsonish-rescue,"StructuredOutputAdapter(output_mode=JSONISH, prompt_layout=SECTIONS, parse_config=ParseConfig())",insurance-claims-0015,validation_error,ValidationError,3.8398365730008663,1,json_object,0,20,0.0,False,,header.channel;header.claim_id;header.incident_date;header.report_date;header.reported_by;incident_description.estimated_damage_amount;incident_description.incident_type;incident_description.location_type;incident_description.police_report_number;insured_objects[0].estimated_value;insured_objects[0].location_address;insured_objects[0].make_model;insured_objects[0].object_id;insured_objects[0].object_type;insured_objects[0].year;policy_details.coverage_type;policy_details.effective_date;policy_details.expiration_date;policy_details.policy_number;policy_details.policyholder_name,,2184
sola-jsonish-rescue,"StructuredOutputAdapter(output_mode=JSONISH, prompt_layout=SECTIONS, parse_config=ParseConfig())",insurance-claims-0016,parse_error,AdapterParseError,7.265423370999997,1,json_object,0,20,0.0,False,,header.channel;header.claim_id;header.incident_date;header.report_date;header.reported_by;incident_description.estimated_damage_amount;incident_description.incident_type;incident_description.location_type;incident_description.police_report_number;insured_objects[0].estimated_value;insured_objects[0].location_address;insured_objects[0].make_model;insured_objects[0].object_id;insured_objects[0].object_type;insured_objects[0].year;policy_details.coverage_type;policy_details.effective_date;policy_details.expiration_date;policy_details.policy_number;policy_details.policyholder_name,,1759
sola-jsonish-rescue,"StructuredOutputAdapter(output_mode=JSONISH, prompt_layout=SECTIONS, parse_config=ParseConfig())",insurance-claims-0017,validation_error,ValidationError,7.93868136600031,1,json_object,0,20,0.0,False,,header.channel;header.claim_id;header.incident_date;header.report_date;header.reported_by;incident_description.estimated_damage_amount;incident_description.incident_type;incident_description.location_type;incident_description.police_report_number;insured_objects[0].estimated_value;insured_objects[0].location_address;insured_objects[0].make_model;insured_objects[0].object_id;insured_objects[0].object_type;insured_objects[0].year;policy_details.coverage_type;policy_details.effective_date;policy_details.expiration_date;policy_details.policy_number;policy_details.policyholder_name,,2361
sola-jsonish-rescue,"StructuredOutputAdapter(output_mode=JSONISH, prompt_layout=SECTIONS, parse_config=ParseConfig())",insurance-claims-0018,validation_error,ValidationError,4.090929834001145,1,json_object,0,20,0.0,False,,header.channel;header.claim_id;header.incident_date;header.report_date;header.reported_by;incident_description.estimated_damage_amount;incident_description.incident_type;incident_description.location_type;incident_description.police_report_number;insured_objects[0].estimated_value;insured_objects[0].location_address;insured_objects[0].make_model;insured_objects[0].object_id;insured_objects[0].object_type;insured_objects[0].year;policy_details.coverage_type;policy_details.effective_date;policy_details.expiration_date;policy_details.policy_number;policy_details.policyholder_name,,1876
sola-jsonish-rescue,"StructuredOutputAdapter(output_mode=JSONISH, prompt_layout=SECTIONS, parse_config=ParseConfig())",insurance-claims-0019,ok,,4.409309201000724,1,json_object,12,20,0.6,False,insured_objects[0].object_id;insured_objects[0].object_type;insured_objects[0].make_model;insured_objects[0].year;insured_objects[0].location_address;incident_description.location_type;incident_description.estimated_damage_amount;incident_description.police_report_number,,insured_objects[1].estimated_value;insured_objects[1].location_address;insured_objects[1].make_model;insured_objects[1].object_id;insured_objects[1].object_type;insured_objects[1].year,1896
sola-jsonish-rescue,"StructuredOutputAdapter(output_mode=JSONISH, prompt_layout=SECTIONS, parse_config=ParseConfig())",insurance-claims-0020,validation_error,ValidationError,7.7807624979996035,1,json_object,0,20,0.0,False,,header.channel;header.claim_id;header.incident_date;header.report_date;header.reported_by;incident_description.estimated_damage_amount;incident_description.incident_type;incident_description.location_type;incident_description.police_report_number;insured_objects[0].estimated_value;insured_objects[0].location_address;insured_objects[0].make_model;insured_objects[0].object_id;insured_objects[0].object_type;insured_objects[0].year;policy_details.coverage_type;policy_details.effective_date;policy_details.expiration_date;policy_details.policy_number;policy_details.policyholder_name,,2348
sola-jsonish-rescue,"StructuredOutputAdapter(output_mode=JSONISH, prompt_layout=SECTIONS, parse_config=ParseConfig())",insurance-claims-0021,validation_error,ValidationError,7.755209910001213,1,json_object,0,26,0.0,False,,header.channel;header.claim_id;header.incident_date;header.report_date;header.reported_by;incident_description.estimated_damage_amount;incident_description.incident_type;incident_description.location_type;incident_description.police_report_number;insured_objects[0].estimated_value;insured_objects[0].location_address;insured_objects[0].make_model;insured_objects[0].object_id;insured_objects[0].object_type;insured_objects[0].year;insured_objects[1].estimated_value;insured_objects[1].location_address;insured_objects[1].make_model;insured_objects[1].object_id;insured_objects[1].object_type;insured_objects[1].year;policy_details.coverage_type;policy_details.effective_date;policy_details.expiration_date;policy_details.policy_number;policy_details.policyholder_name,,2391
sola-jsonish-rescue,"StructuredOutputAdapter(output_mode=JSONISH, prompt_layout=SECTIONS, parse_config=ParseConfig())",insurance-claims-0022,validation_error,ValidationError,4.451613155999439,1,json_object,0,20,0.0,False,,header.channel;header.claim_id;header.incident_date;header.report_date;header.reported_by;incident_description.estimated_damage_amount;incident_description.incident_type;incident_description.location_type;incident_description.police_report_number;insured_objects[0].estimated_value;insured_objects[0].location_address;insured_objects[0].make_model;insured_objects[0].object_id;insured_objects[0].object_type;insured_objects[0].year;policy_details.coverage_type;policy_details.effective_date;policy_details.expiration_date;policy_details.policy_number;policy_details.policyholder_name,,1919
sola-jsonish-rescue,"StructuredOutputAdapter(output_mode=JSONISH, prompt_layout=SECTIONS, parse_config=ParseConfig())",insurance-claims-0023,validation_error,ValidationError,4.339098479998938,1,json_object,0,20,0.0,False,,header.channel;header.claim_id;header.incident_date;header.report_date;header.reported_by;incident_description.estimated_damage_amount;incident_description.incident_type;incident_description.location_type;incident_description.police_report_number;insured_objects[0].estimated_value;insured_objects[0].location_address;insured_objects[0].make_model;insured_objects[0].object_id;insured_objects[0].object_type;insured_objects[0].year;policy_details.coverage_type;policy_details.effective_date;policy_details.expiration_date;policy_details.policy_number;policy_details.policyholder_name,,1897
sola-jsonish-rescue,"StructuredOutputAdapter(output_mode=JSONISH, prompt_layout=SECTIONS, parse_config=ParseConfig())",insurance-claims-0024,validation_error,ValidationError,4.598458009999376,1,json_object,0,20,0.0,False,,header.channel;header.claim_id;header.incident_date;header.report_date;header.reported_by;incident_description.estimated_damage_amount;incident_description.incident_type;incident_description.location_type;incident_description.police_report_number;insured_objects[0].estimated_value;insured_objects[0].location_address;insured_objects[0].make_model;insured_objects[0].object_id;insured_objects[0].object_type;insured_objects[0].year;policy_details.coverage_type;policy_details.effective_date;policy_details.expiration_date;policy_details.policy_number;policy_details.policyholder_name,,1955
sola-jsonish-rescue,"StructuredOutputAdapter(output_mode=JSONISH, prompt_layout=SECTIONS, parse_config=ParseConfig())",insurance-claims-0025,validation_error,ValidationError,4.672676044001491,1,json_object,0,11,0.0,False,,header.channel;header.claim_id;header.incident_date;header.report_date;header.reported_by;incident_description.estimated_damage_amount;incident_description.incident_type;incident_description.location_type;incident_description.police_report_number;insured_objects;policy_details,,1981
sola-jsonish-rescue,"StructuredOutputAdapter(output_mode=JSONISH, prompt_layout=SECTIONS, parse_config=ParseConfig())",insurance-claims-0026,validation_error,ValidationError,7.6103381760003685,1,json_object,0,20,0.0,False,,header.channel;header.claim_id;header.incident_date;header.report_date;header.reported_by;incident_description.estimated_damage_amount;incident_description.incident_type;incident_description.location_type;incident_description.police_report_number;insured_objects[0].estimated_value;insured_objects[0].location_address;insured_objects[0].make_model;insured_objects[0].object_id;insured_objects[0].object_type;insured_objects[0].year;policy_details.coverage_type;policy_details.effective_date;policy_details.expiration_date;policy_details.policy_number;policy_details.policyholder_name,,2241
sola-jsonish-rescue,"StructuredOutputAdapter(output_mode=JSONISH, prompt_layout=SECTIONS, parse_config=ParseConfig())",insurance-claims-0027,parse_error,AdapterParseError,7.71912596599941,1,json_object,0,20,0.0,False,,header.channel;header.claim_id;header.incident_date;header.report_date;header.reported_by;incident_description.estimated_damage_amount;incident_description.incident_type;incident_description.location_type;incident_description.police_report_number;insured_objects[0].estimated_value;insured_objects[0].location_address;insured_objects[0].make_model;insured_objects[0].object_id;insured_objects[0].object_type;insured_objects[0].year;policy_details.coverage_type;policy_details.effective_date;policy_details.expiration_date;policy_details.policy_number;policy_details.policyholder_name,,2291
sola-jsonish-rescue,"StructuredOutputAdapter(output_mode=JSONISH, prompt_layout=SECTIONS, parse_config=ParseConfig())",insurance-claims-0028,validation_error,ValidationError,4.324467409000135,1,json_object,0,20,0.0,False,,header.channel;header.claim_id;header.incident_date;header.report_date;header.reported_by;incident_description.estimated_damage_amount;incident_description.incident_type;incident_description.location_type;incident_description.police_report_number;insured_objects[0].estimated_value;insured_objects[0].location_address;insured_objects[0].make_model;insured_objects[0].object_id;insured_objects[0].object_type;insured_objects[0].year;policy_details.coverage_type;policy_details.effective_date;policy_details.expiration_date;policy_details.policy_number;policy_details.policyholder_name,,1837
sola-jsonish-rescue,"StructuredOutputAdapter(output_mode=JSONISH, prompt_layout=SECTIONS, parse_config=ParseConfig())",insurance-claims-0029,validation_error,ValidationError,4.125889806000487,1,json_object,0,20,0.0,False,,header.channel;header.claim_id;header.incident_date;header.report_date;header.reported_by;incident_description.estimated_damage_amount;incident_description.incident_type;incident_description.location_type;incident_description.police_report_number;insured_objects[0].estimated_value;insured_objects[0].location_address;insured_objects[0].make_model;insured_objects[0].object_id;insured_objects[0].object_type;insured_objects[0].year;policy_details.coverage_type;policy_details.effective_date;policy_details.expiration_date;policy_details.policy_number;policy_details.policyholder_name,,1826
sola-yaml-rescue,"StructuredOutputAdapter(output_mode=YAML, prompt_layout=SECTIONS, parse_config=ParseConfig())",insurance-claims-0000,validation_error,ValidationError,7.723222108999835,1,none,0,20,0.0,False,,header.channel;header.claim_id;header.incident_date;header.report_date;header.reported_by;incident_description.estimated_damage_amount;incident_description.incident_type;incident_description.location_type;incident_description.police_report_number;insured_objects[0].estimated_value;insured_objects[0].location_address;insured_objects[0].make_model;insured_objects[0].object_id;insured_objects[0].object_type;insured_objects[0].year;policy_details.coverage_type;policy_details.effective_date;policy_details.expiration_date;policy_details.policy_number;policy_details.policyholder_name,,2646
sola-yaml-rescue,"StructuredOutputAdapter(output_mode=YAML, prompt_layout=SECTIONS, parse_config=ParseConfig())",insurance-claims-0001,validation_error,ValidationError,3.572018079001282,1,none,0,20,0.0,False,,header.channel;header.claim_id;header.incident_date;header.report_date;header.reported_by;incident_description.estimated_damage_amount;incident_description.incident_type;incident_description.location_type;incident_description.police_report_number;insured_objects[0].estimated_value;insured_objects[0].location_address;insured_objects[0].make_model;insured_objects[0].object_id;insured_objects[0].object_type;insured_objects[0].year;policy_details.coverage_type;policy_details.effective_date;policy_details.expiration_date;policy_details.policy_number;policy_details.policyholder_name,,1819
sola-yaml-rescue,"StructuredOutputAdapter(output_mode=YAML, prompt_layout=SECTIONS, parse_config=ParseConfig())",insurance-claims-0002,parse_error,AdapterParseError,7.550490658000854,1,none,0,11,0.0,False,,header.channel;header.claim_id;header.incident_date;header.report_date;header.reported_by;incident_description.estimated_damage_amount;incident_description.incident_type;incident_description.location_type;incident_description.police_report_number;insured_objects;policy_details,,2549
sola-yaml-rescue,"StructuredOutputAdapter(output_mode=YAML, prompt_layout=SECTIONS, parse_config=ParseConfig())",insurance-claims-0003,validation_error,ValidationError,5.493621419000192,1,none,0,26,0.0,False,,header.channel;header.claim_id;header.incident_date;header.report_date;header.reported_by;incident_description.estimated_damage_amount;incident_description.incident_type;incident_description.location_type;incident_description.police_report_number;insured_objects[0].estimated_value;insured_objects[0].location_address;insured_objects[0].make_model;insured_objects[0].object_id;insured_objects[0].object_type;insured_objects[0].year;insured_objects[1].estimated_value;insured_objects[1].location_address;insured_objects[1].make_model;insured_objects[1].object_id;insured_objects[1].object_type;insured_objects[1].year;policy_details.coverage_type;policy_details.effective_date;policy_details.expiration_date;policy_details.policy_number;policy_details.policyholder_name,,2172
sola-yaml-rescue,"StructuredOutputAdapter(output_mode=YAML, prompt_layout=SECTIONS, parse_config=ParseConfig())",insurance-claims-0004,validation_error,ValidationError,3.1870895459996973,1,none,0,20,0.0,False,,header.channel;header.claim_id;header.incident_date;header.report_date;header.reported_by;incident_description.estimated_damage_amount;incident_description.incident_type;incident_description.location_type;incident_description.police_report_number;insured_objects[0].estimated_value;insured_objects[0].location_address;insured_objects[0].make_model;insured_objects[0].object_id;insured_objects[0].object_type;insured_objects[0].year;policy_details.coverage_type;policy_details.effective_date;policy_details.expiration_date;policy_details.policy_number;policy_details.policyholder_name,,2147
sola-yaml-rescue,"StructuredOutputAdapter(output_mode=YAML, prompt_layout=SECTIONS, parse_config=ParseConfig())",insurance-claims-0005,validation_error,ValidationError,2.9688379079998413,1,none,0,20,0.0,False,,header.channel;header.claim_id;header.incident_date;header.report_date;header.reported_by;incident_description.estimated_damage_amount;incident_description.incident_type;incident_description.location_type;incident_description.police_report_number;insured_objects[0].estimated_value;insured_objects[0].location_address;insured_objects[0].make_model;insured_objects[0].object_id;insured_objects[0].object_type;insured_objects[0].year;policy_details.coverage_type;policy_details.effective_date;policy_details.expiration_date;policy_details.policy_number;policy_details.policyholder_name,,2097
sola-yaml-rescue,"StructuredOutputAdapter(output_mode=YAML, prompt_layout=SECTIONS, parse_config=ParseConfig())",insurance-claims-0006,parse_error,AdapterParseError,7.799468440000055,1,none,0,20,0.0,False,,header.channel;header.claim_id;header.incident_date;header.report_date;header.reported_by;incident_description.estimated_damage_amount;incident_description.incident_type;incident_description.location_type;incident_description.police_report_number;insured_objects[0].estimated_value;insured_objects[0].location_address;insured_objects[0].make_model;insured_objects[0].object_id;insured_objects[0].object_type;insured_objects[0].year;policy_details.coverage_type;policy_details.effective_date;policy_details.expiration_date;policy_details.policy_number;policy_details.policyholder_name,,2709
sola-yaml-rescue,"StructuredOutputAdapter(output_mode=YAML, prompt_layout=SECTIONS, parse_config=ParseConfig())",insurance-claims-0007,validation_error,ValidationError,2.978916883999773,1,none,0,20,0.0,False,,header.channel;header.claim_id;header.incident_date;header.report_date;header.reported_by;incident_description.estimated_damage_amount;incident_description.incident_type;incident_description.location_type;incident_description.police_report_number;insured_objects[0].estimated_value;insured_objects[0].location_address;insured_objects[0].make_model;insured_objects[0].object_id;insured_objects[0].object_type;insured_objects[0].year;policy_details.coverage_type;policy_details.effective_date;policy_details.expiration_date;policy_details.policy_number;policy_details.policyholder_name,,2098
sola-yaml-rescue,"StructuredOutputAdapter(output_mode=YAML, prompt_layout=SECTIONS, parse_config=ParseConfig())",insurance-claims-0008,validation_error,ValidationError,7.364915898000618,1,none,0,11,0.0,False,,header.channel;header.claim_id;header.incident_date;header.report_date;header.reported_by;incident_description.estimated_damage_amount;incident_description.incident_type;incident_description.location_type;incident_description.police_report_number;insured_objects;policy_details,,2612
sola-yaml-rescue,"StructuredOutputAdapter(output_mode=YAML, prompt_layout=SECTIONS, parse_config=ParseConfig())",insurance-claims-0009,parse_error,AdapterParseError,1.499470052000106,1,none,0,20,0.0,False,,header.channel;header.claim_id;header.incident_date;header.report_date;header.reported_by;incident_description.estimated_damage_amount;incident_description.incident_type;incident_description.location_type;incident_description.police_report_number;insured_objects[0].estimated_value;insured_objects[0].location_address;insured_objects[0].make_model;insured_objects[0].object_id;insured_objects[0].object_type;insured_objects[0].year;policy_details.coverage_type;policy_details.effective_date;policy_details.expiration_date;policy_details.policy_number;policy_details.policyholder_name,,1952
sola-yaml-rescue,"StructuredOutputAdapter(output_mode=YAML, prompt_layout=SECTIONS, parse_config=ParseConfig())",insurance-claims-0010,parse_error,AdapterParseError,7.6027093949996924,1,none,0,11,0.0,False,,header.channel;header.claim_id;header.incident_date;header.report_date;header.reported_by;incident_description.estimated_damage_amount;incident_description.incident_type;incident_description.location_type;incident_description.police_report_number;insured_objects;policy_details,,2582
sola-yaml-rescue,"StructuredOutputAdapter(output_mode=YAML, prompt_layout=SECTIONS, parse_config=ParseConfig())",insurance-claims-0011,parse_error,AdapterParseError,7.6365332799996395,1,none,0,11,0.0,False,,header.channel;header.claim_id;header.incident_date;header.report_date;header.reported_by;incident_description.estimated_damage_amount;incident_description.incident_type;incident_description.location_type;incident_description.police_report_number;insured_objects;policy_details,,2536
sola-yaml-rescue,"StructuredOutputAdapter(output_mode=YAML, prompt_layout=SECTIONS, parse_config=ParseConfig())",insurance-claims-0012,parse_error,AdapterParseError,3.8232939339995937,1,none,0,20,0.0,False,,header.channel;header.claim_id;header.incident_date;header.report_date;header.reported_by;incident_description.estimated_damage_amount;incident_description.incident_type;incident_description.location_type;incident_description.police_report_number;insured_objects[0].estimated_value;insured_objects[0].location_address;insured_objects[0].make_model;insured_objects[0].object_id;insured_objects[0].object_type;insured_objects[0].year;policy_details.coverage_type;policy_details.effective_date;policy_details.expiration_date;policy_details.policy_number;policy_details.policyholder_name,,2208
sola-yaml-rescue,"StructuredOutputAdapter(output_mode=YAML, prompt_layout=SECTIONS, parse_config=ParseConfig())",insurance-claims-0013,validation_error,ValidationError,8.004888553001365,1,none,0,20,0.0,False,,header.channel;header.claim_id;header.incident_date;header.report_date;header.reported_by;incident_description.estimated_damage_amount;incident_description.incident_type;incident_description.location_type;incident_description.police_report_number;insured_objects[0].estimated_value;insured_objects[0].location_address;insured_objects[0].make_model;insured_objects[0].object_id;insured_objects[0].object_type;insured_objects[0].year;policy_details.coverage_type;policy_details.effective_date;policy_details.expiration_date;policy_details.policy_number;policy_details.policyholder_name,,2682
sola-yaml-rescue,"StructuredOutputAdapter(output_mode=YAML, prompt_layout=SECTIONS, parse_config=ParseConfig())",insurance-claims-0014,validation_error,ValidationError,3.7035678180000104,1,none,0,20,0.0,False,,header.channel;header.claim_id;header.incident_date;header.report_date;header.reported_by;incident_description.estimated_damage_amount;incident_description.incident_type;incident_description.location_type;incident_description.police_report_number;insured_objects[0].estimated_value;insured_objects[0].location_address;insured_objects[0].make_model;insured_objects[0].object_id;insured_objects[0].object_type;insured_objects[0].year;policy_details.coverage_type;policy_details.effective_date;policy_details.expiration_date;policy_details.policy_number;policy_details.policyholder_name,,1738
sola-yaml-rescue,"StructuredOutputAdapter(output_mode=YAML, prompt_layout=SECTIONS, parse_config=ParseConfig())",insurance-claims-0015,validation_error,ValidationError,7.881836990000011,1,none,0,20,0.0,False,,header.channel;header.claim_id;header.incident_date;header.report_date;header.reported_by;incident_description.estimated_damage_amount;incident_description.incident_type;incident_description.location_type;incident_description.police_report_number;insured_objects[0].estimated_value;insured_objects[0].location_address;insured_objects[0].make_model;insured_objects[0].object_id;insured_objects[0].object_type;insured_objects[0].year;policy_details.coverage_type;policy_details.effective_date;policy_details.expiration_date;policy_details.policy_number;policy_details.policyholder_name,,2631
sola-yaml-rescue,"StructuredOutputAdapter(output_mode=YAML, prompt_layout=SECTIONS, parse_config=ParseConfig())",insurance-claims-0016,validation_error,ValidationError,3.942561077999926,1,none,0,20,0.0,False,,header.channel;header.claim_id;header.incident_date;header.report_date;header.reported_by;incident_description.estimated_damage_amount;incident_description.incident_type;incident_description.location_type;incident_description.police_report_number;insured_objects[0].estimated_value;insured_objects[0].location_address;insured_objects[0].make_model;insured_objects[0].object_id;insured_objects[0].object_type;insured_objects[0].year;policy_details.coverage_type;policy_details.effective_date;policy_details.expiration_date;policy_details.policy_number;policy_details.policyholder_name,,1950
sola-yaml-rescue,"StructuredOutputAdapter(output_mode=YAML, prompt_layout=SECTIONS, parse_config=ParseConfig())",insurance-claims-0017,validation_error,ValidationError,3.865567648999786,1,none,0,20,0.0,False,,header.channel;header.claim_id;header.incident_date;header.report_date;header.reported_by;incident_description.estimated_damage_amount;incident_description.incident_type;incident_description.location_type;incident_description.police_report_number;insured_objects[0].estimated_value;insured_objects[0].location_address;insured_objects[0].make_model;insured_objects[0].object_id;insured_objects[0].object_type;insured_objects[0].year;policy_details.coverage_type;policy_details.effective_date;policy_details.expiration_date;policy_details.policy_number;policy_details.policyholder_name,,1901
sola-yaml-rescue,"StructuredOutputAdapter(output_mode=YAML, prompt_layout=SECTIONS, parse_config=ParseConfig())",insurance-claims-0018,validation_error,ValidationError,4.815497518999109,1,none,0,20,0.0,False,,header.channel;header.claim_id;header.incident_date;header.report_date;header.reported_by;incident_description.estimated_damage_amount;incident_description.incident_type;incident_description.location_type;incident_description.police_report_number;insured_objects[0].estimated_value;insured_objects[0].location_address;insured_objects[0].make_model;insured_objects[0].object_id;insured_objects[0].object_type;insured_objects[0].year;policy_details.coverage_type;policy_details.effective_date;policy_details.expiration_date;policy_details.policy_number;policy_details.policyholder_name,,1960
sola-yaml-rescue,"StructuredOutputAdapter(output_mode=YAML, prompt_layout=SECTIONS, parse_config=ParseConfig())",insurance-claims-0019,validation_error,ValidationError,4.405736243001229,1,none,0,20,0.0,False,,header.channel;header.claim_id;header.incident_date;header.report_date;header.reported_by;incident_description.estimated_damage_amount;incident_description.incident_type;incident_description.location_type;incident_description.police_report_number;insured_objects[0].estimated_value;insured_objects[0].location_address;insured_objects[0].make_model;insured_objects[0].object_id;insured_objects[0].object_type;insured_objects[0].year;policy_details.coverage_type;policy_details.effective_date;policy_details.expiration_date;policy_details.policy_number;policy_details.policyholder_name,,1874
sola-yaml-rescue,"StructuredOutputAdapter(output_mode=YAML, prompt_layout=SECTIONS, parse_config=ParseConfig())",insurance-claims-0020,validation_error,ValidationError,7.7962479750003695,1,none,0,20,0.0,False,,header.channel;header.claim_id;header.incident_date;header.report_date;header.reported_by;incident_description.estimated_damage_amount;incident_description.incident_type;incident_description.location_type;incident_description.police_report_number;insured_objects[0].estimated_value;insured_objects[0].location_address;insured_objects[0].make_model;insured_objects[0].object_id;insured_objects[0].object_type;insured_objects[0].year;policy_details.coverage_type;policy_details.effective_date;policy_details.expiration_date;policy_details.policy_number;policy_details.policyholder_name,,2342
sola-yaml-rescue,"StructuredOutputAdapter(output_mode=YAML, prompt_layout=SECTIONS, parse_config=ParseConfig())",insurance-claims-0021,validation_error,ValidationError,7.956443550998301,1,none,0,26,0.0,False,,header.channel;header.claim_id;header.incident_date;header.report_date;header.reported_by;incident_description.estimated_damage_amount;incident_description.incident_type;incident_description.location_type;incident_description.police_report_number;insured_objects[0].estimated_value;insured_objects[0].location_address;insured_objects[0].make_model;insured_objects[0].object_id;insured_objects[0].object_type;insured_objects[0].year;insured_objects[1].estimated_value;insured_objects[1].location_address;insured_objects[1].make_model;insured_objects[1].object_id;insured_objects[1].object_type;insured_objects[1].year;policy_details.coverage_type;policy_details.effective_date;policy_details.expiration_date;policy_details.policy_number;policy_details.policyholder_name,,2385
sola-yaml-rescue,"StructuredOutputAdapter(output_mode=YAML, prompt_layout=SECTIONS, parse_config=ParseConfig())",insurance-claims-0022,validation_error,ValidationError,5.176710534000449,1,none,0,20,0.0,False,,header.channel;header.claim_id;header.incident_date;header.report_date;header.reported_by;incident_description.estimated_damage_amount;incident_description.incident_type;incident_description.location_type;incident_description.police_report_number;insured_objects[0].estimated_value;insured_objects[0].location_address;insured_objects[0].make_model;insured_objects[0].object_id;insured_objects[0].object_type;insured_objects[0].year;policy_details.coverage_type;policy_details.effective_date;policy_details.expiration_date;policy_details.policy_number;policy_details.policyholder_name,,1984
sola-yaml-rescue,"StructuredOutputAdapter(output_mode=YAML, prompt_layout=SECTIONS, parse_config=ParseConfig())",insurance-claims-0023,parse_error,AdapterParseError,7.756541546001245,1,none,0,20,0.0,False,,header.channel;header.claim_id;header.incident_date;header.report_date;header.reported_by;incident_description.estimated_damage_amount;incident_description.incident_type;incident_description.location_type;incident_description.police_report_number;insured_objects[0].estimated_value;insured_objects[0].location_address;insured_objects[0].make_model;insured_objects[0].object_id;insured_objects[0].object_type;insured_objects[0].year;policy_details.coverage_type;policy_details.effective_date;policy_details.expiration_date;policy_details.policy_number;policy_details.policyholder_name,,2272
sola-yaml-rescue,"StructuredOutputAdapter(output_mode=YAML, prompt_layout=SECTIONS, parse_config=ParseConfig())",insurance-claims-0024,validation_error,ValidationError,7.97479909699905,1,none,0,20,0.0,False,,header.channel;header.claim_id;header.incident_date;header.report_date;header.reported_by;incident_description.estimated_damage_amount;incident_description.incident_type;incident_description.location_type;incident_description.police_report_number;insured_objects[0].estimated_value;insured_objects[0].location_address;insured_objects[0].make_model;insured_objects[0].object_id;insured_objects[0].object_type;insured_objects[0].year;policy_details.coverage_type;policy_details.effective_date;policy_details.expiration_date;policy_details.policy_number;policy_details.policyholder_name,,2298
sola-yaml-rescue,"StructuredOutputAdapter(output_mode=YAML, prompt_layout=SECTIONS, parse_config=ParseConfig())",insurance-claims-0025,validation_error,ValidationError,4.950279839000359,1,none,0,11,0.0,False,,header.channel;header.claim_id;header.incident_date;header.report_date;header.reported_by;incident_description.estimated_damage_amount;incident_description.incident_type;incident_description.location_type;incident_description.police_report_number;insured_objects;policy_details,,1966
sola-yaml-rescue,"StructuredOutputAdapter(output_mode=YAML, prompt_layout=SECTIONS, parse_config=ParseConfig())",insurance-claims-0026,validation_error,ValidationError,3.6749142299995583,1,none,0,20,0.0,False,,header.channel;header.claim_id;header.incident_date;header.report_date;header.reported_by;incident_description.estimated_damage_amount;incident_description.incident_type;incident_description.location_type;incident_description.police_report_number;insured_objects[0].estimated_value;insured_objects[0].location_address;insured_objects[0].make_model;insured_objects[0].object_id;insured_objects[0].object_type;insured_objects[0].year;policy_details.coverage_type;policy_details.effective_date;policy_details.expiration_date;policy_details.policy_number;policy_details.policyholder_name,,1759
sola-yaml-rescue,"StructuredOutputAdapter(output_mode=YAML, prompt_layout=SECTIONS, parse_config=ParseConfig())",insurance-claims-0027,validation_error,ValidationError,7.7827740800003085,1,none,0,20,0.0,False,,header.channel;header.claim_id;header.incident_date;header.report_date;header.reported_by;incident_description.estimated_damage_amount;incident_description.incident_type;incident_description.location_type;incident_description.police_report_number;insured_objects[0].estimated_value;insured_objects[0].location_address;insured_objects[0].make_model;insured_objects[0].object_id;insured_objects[0].object_type;insured_objects[0].year;policy_details.coverage_type;policy_details.effective_date;policy_details.expiration_date;policy_details.policy_number;policy_details.policyholder_name,,2285
sola-yaml-rescue,"StructuredOutputAdapter(output_mode=YAML, prompt_layout=SECTIONS, parse_config=ParseConfig())",insurance-claims-0028,validation_error,ValidationError,4.049838150998767,1,none,0,20,0.0,False,,header.channel;header.claim_id;header.incident_date;header.report_date;header.reported_by;incident_description.estimated_damage_amount;incident_description.incident_type;incident_description.location_type;incident_description.police_report_number;insured_objects[0].estimated_value;insured_objects[0].location_address;insured_objects[0].make_model;insured_objects[0].object_id;insured_objects[0].object_type;insured_objects[0].year;policy_details.coverage_type;policy_details.effective_date;policy_details.expiration_date;policy_details.policy_number;policy_details.policyholder_name,,1778
sola-yaml-rescue,"StructuredOutputAdapter(output_mode=YAML, prompt_layout=SECTIONS, parse_config=ParseConfig())",insurance-claims-0029,validation_error,ValidationError,7.831989614998747,1,none,0,20,0.0,False,,header.channel;header.claim_id;header.incident_date;header.report_date;header.reported_by;incident_description.estimated_damage_amount;incident_description.incident_type;incident_description.location_type;incident_description.police_report_number;insured_objects[0].estimated_value;insured_objects[0].location_address;insured_objects[0].make_model;insured_objects[0].object_id;insured_objects[0].object_type;insured_objects[0].year;policy_details.coverage_type;policy_details.effective_date;policy_details.expiration_date;policy_details.policy_number;policy_details.policyholder_name,,2220
